0.000000000000000000e+00 9.166666666666666297e-01 8.000000000000000167e-02 0.000000000000000000e+00 2.539682539682539542e-01
1.000000000000000000e+00 5.833333333333333703e-01 8.000000000000000167e-02 0.000000000000000000e+00 2.222222222222222099e-01
0.000000000000000000e+00 9.166666666666666297e-01 8.000000000000000167e-02 1.000000000000000000e+00 7.301587301587301182e-01
0.000000000000000000e+00 1.666666666666666574e-01 4.000000000000000083e-02 1.000000000000000000e+00 4.761904761904761640e-01
1.000000000000000000e+00 2.500000000000000000e-01 4.000000000000000222e-01 1.000000000000000000e+00 8.253968253968253510e-01
1.000000000000000000e+00 9.166666666666666297e-01 8.000000000000000167e-02 0.000000000000000000e+00 2.698412698412698263e-01
1.000000000000000000e+00 3.333333333333333148e-01 1.600000000000000033e-01 1.000000000000000000e+00 2.539682539682539542e-01
1.000000000000000000e+00 3.750000000000000000e-01 8.000000000000000167e-02 1.000000000000000000e+00 3.809523809523809312e-01
4.540031460346654058e-01 5.516290776431560516e-01 -8.047317230868428206e-02 6.321065383963286877e-01 1.327712646434231480e-01
1.000000000000000000e+00 5.833333333333333703e-01 8.000000000000000167e-02 0.000000000000000000e+00 2.698412698412698263e-01
1.000000000000000000e+00 3.750000000000000000e-01 8.399999999999999689e-01 1.000000000000000000e+00 9.523809523809523281e-02
1.000000000000000000e+00 5.000000000000000000e-01 0.000000000000000000e+00 1.000000000000000000e+00 4.285714285714285476e-01
1.000000000000000000e+00 7.083333333333333703e-01 8.000000000000000444e-01 1.000000000000000000e+00 4.126984126984126755e-01
1.000000000000000000e+00 2.083333333333333426e-01 6.400000000000000133e-01 1.000000000000000000e+00 5.714285714285713969e-01
1.000000000000000000e+00 2.083333333333333426e-01 6.400000000000000133e-01 1.000000000000000000e+00 6.190476190476190688e-01
1.000000000000000000e+00 2.083333333333333426e-01 6.400000000000000133e-01 1.000000000000000000e+00 6.349206349206348854e-01
1.000000000000000000e+00 2.500000000000000000e-01 4.000000000000000222e-01 1.000000000000000000e+00 1.111111111111111049e-01
1.000000000000000000e+00 8.750000000000000000e-01 8.000000000000000167e-02 1.000000000000000000e+00 6.825396825396825573e-01
1.000000000000000000e+00 5.000000000000000000e-01 8.000000000000000167e-02 0.000000000000000000e+00 1.111111111111111049e-01
1.000000000000000000e+00 2.500000000000000000e-01 9.599999999999999645e-01 1.000000000000000000e+00 6.190476190476190688e-01
1.000000000000000000e+00 1.000000000000000000e+00 2.399999999999999911e-01 1.000000000000000000e+00 3.809523809523809312e-01
1.000000000000000000e+00 1.000000000000000000e+00 2.399999999999999911e-01 1.000000000000000000e+00 3.174603174603174427e-01
1.000000000000000000e+00 4.166666666666666435e-02 3.200000000000000067e-01 1.000000000000000000e+00 4.444444444444444198e-01
1.000000000000000000e+00 0.000000000000000000e+00 5.600000000000000533e-01 0.000000000000000000e+00 3.015873015873015706e-01
1.000000000000000000e+00 5.833333333333333703e-01 4.799999999999999822e-01 1.000000000000000000e+00 5.396825396825396526e-01
1.000000000000000000e+00 2.500000000000000000e-01 4.000000000000000222e-01 1.000000000000000000e+00 1.587301587301587213e-01
1.000000000000000000e+00 2.916666666666666852e-01 8.000000000000000167e-02 1.000000000000000000e+00 3.333333333333333148e-01
1.000000000000000000e+00 5.416666666666666297e-01 5.600000000000000533e-01 1.000000000000000000e+00 5.555555555555555802e-01
1.000000000000000000e+00 8.333333333333333703e-01 4.000000000000000083e-02 1.000000000000000000e+00 6.190476190476190688e-01
1.000000000000000000e+00 8.750000000000000000e-01 8.000000000000000167e-02 1.000000000000000000e+00 3.968253968253968034e-01
1.000000000000000000e+00 4.166666666666666852e-01 0.000000000000000000e+00 1.000000000000000000e+00 7.619047619047618625e-01
1.000000000000000000e+00 7.083333333333333703e-01 1.600000000000000033e-01 1.000000000000000000e+00 2.539682539682539542e-01
1.000000000000000000e+00 5.000000000000000000e-01 0.000000000000000000e+00 1.000000000000000000e+00 4.444444444444444198e-01
0.000000000000000000e+00 5.000000000000000000e-01 8.000000000000000167e-02 0.000000000000000000e+00 1.587301587301587213e-01
1.000000000000000000e+00 1.666666666666666574e-01 4.000000000000000083e-02 1.000000000000000000e+00 5.396825396825396526e-01
1.000000000000000000e+00 6.250000000000000000e-01 2.800000000000000266e-01 1.000000000000000000e+00 5.238095238095238360e-01
1.000000000000000000e+00 1.250000000000000000e-01 5.999999999999999778e-01 1.000000000000000000e+00 2.857142857142856984e-01
1.000000000000000000e+00 1.666666666666666574e-01 4.000000000000000083e-02 1.000000000000000000e+00 7.142857142857143016e-01
1.000000000000000000e+00 5.416666666666666297e-01 5.600000000000000533e-01 1.000000000000000000e+00 5.555555555555555802e-01
0.000000000000000000e+00 9.166666666666666297e-01 8.000000000000000167e-02 0.000000000000000000e+00 2.539682539682539542e-01
1.000000000000000000e+00 5.833333333333333703e-01 8.000000000000000167e-02 0.000000000000000000e+00 2.222222222222222099e-01
0.000000000000000000e+00 9.166666666666666297e-01 8.000000000000000167e-02 1.000000000000000000e+00 7.301587301587301182e-01
0.000000000000000000e+00 1.666666666666666574e-01 4.000000000000000083e-02 1.000000000000000000e+00 4.761904761904761640e-01
1.000000000000000000e+00 2.500000000000000000e-01 4.000000000000000222e-01 1.000000000000000000e+00 8.253968253968253510e-01
1.000000000000000000e+00 9.166666666666666297e-01 8.000000000000000167e-02 0.000000000000000000e+00 2.698412698412698263e-01
1.000000000000000000e+00 3.333333333333333148e-01 1.600000000000000033e-01 1.000000000000000000e+00 2.539682539682539542e-01
1.000000000000000000e+00 3.750000000000000000e-01 8.000000000000000167e-02 1.000000000000000000e+00 3.809523809523809312e-01
-1.749578895978629589e-01 1.055077426135540009e+00 -3.864201352000229406e-02 1.000000000000000000e+00 9.159971493045016011e-01
1.000000000000000000e+00 5.833333333333333703e-01 8.000000000000000167e-02 0.000000000000000000e+00 2.698412698412698263e-01
1.000000000000000000e+00 3.750000000000000000e-01 8.399999999999999689e-01 1.000000000000000000e+00 9.523809523809523281e-02
1.000000000000000000e+00 5.000000000000000000e-01 0.000000000000000000e+00 1.000000000000000000e+00 4.285714285714285476e-01
1.000000000000000000e+00 7.083333333333333703e-01 8.000000000000000444e-01 1.000000000000000000e+00 4.126984126984126755e-01
1.000000000000000000e+00 2.083333333333333426e-01 6.400000000000000133e-01 1.000000000000000000e+00 5.714285714285713969e-01
1.000000000000000000e+00 2.083333333333333426e-01 6.400000000000000133e-01 1.000000000000000000e+00 6.190476190476190688e-01
1.000000000000000000e+00 2.083333333333333426e-01 6.400000000000000133e-01 1.000000000000000000e+00 6.349206349206348854e-01
1.000000000000000000e+00 2.500000000000000000e-01 4.000000000000000222e-01 1.000000000000000000e+00 1.111111111111111049e-01
1.000000000000000000e+00 8.750000000000000000e-01 8.000000000000000167e-02 1.000000000000000000e+00 6.825396825396825573e-01
1.000000000000000000e+00 5.000000000000000000e-01 8.000000000000000167e-02 0.000000000000000000e+00 1.111111111111111049e-01
1.000000000000000000e+00 2.500000000000000000e-01 9.599999999999999645e-01 1.000000000000000000e+00 6.190476190476190688e-01
1.000000000000000000e+00 1.000000000000000000e+00 2.399999999999999911e-01 1.000000000000000000e+00 3.809523809523809312e-01
1.000000000000000000e+00 1.000000000000000000e+00 2.399999999999999911e-01 1.000000000000000000e+00 3.174603174603174427e-01
1.000000000000000000e+00 4.166666666666666435e-02 3.200000000000000067e-01 1.000000000000000000e+00 4.444444444444444198e-01
1.000000000000000000e+00 0.000000000000000000e+00 5.600000000000000533e-01 0.000000000000000000e+00 3.015873015873015706e-01
1.000000000000000000e+00 5.833333333333333703e-01 4.799999999999999822e-01 1.000000000000000000e+00 5.396825396825396526e-01
1.000000000000000000e+00 2.500000000000000000e-01 4.000000000000000222e-01 1.000000000000000000e+00 1.587301587301587213e-01
1.000000000000000000e+00 2.916666666666666852e-01 8.000000000000000167e-02 1.000000000000000000e+00 3.333333333333333148e-01
1.000000000000000000e+00 5.416666666666666297e-01 5.600000000000000533e-01 1.000000000000000000e+00 5.555555555555555802e-01
1.000000000000000000e+00 8.333333333333333703e-01 4.000000000000000083e-02 1.000000000000000000e+00 6.190476190476190688e-01
1.000000000000000000e+00 8.750000000000000000e-01 8.000000000000000167e-02 1.000000000000000000e+00 3.968253968253968034e-01
1.000000000000000000e+00 4.166666666666666852e-01 0.000000000000000000e+00 1.000000000000000000e+00 7.619047619047618625e-01
1.000000000000000000e+00 7.083333333333333703e-01 1.600000000000000033e-01 1.000000000000000000e+00 2.539682539682539542e-01
1.000000000000000000e+00 5.000000000000000000e-01 0.000000000000000000e+00 1.000000000000000000e+00 4.444444444444444198e-01
0.000000000000000000e+00 5.000000000000000000e-01 8.000000000000000167e-02 0.000000000000000000e+00 1.587301587301587213e-01
1.000000000000000000e+00 1.666666666666666574e-01 4.000000000000000083e-02 1.000000000000000000e+00 5.396825396825396526e-01
1.000000000000000000e+00 6.250000000000000000e-01 2.800000000000000266e-01 1.000000000000000000e+00 5.238095238095238360e-01
1.000000000000000000e+00 1.250000000000000000e-01 5.999999999999999778e-01 1.000000000000000000e+00 2.857142857142856984e-01
1.000000000000000000e+00 1.666666666666666574e-01 4.000000000000000083e-02 1.000000000000000000e+00 7.142857142857143016e-01
1.000000000000000000e+00 5.416666666666666297e-01 5.600000000000000533e-01 1.000000000000000000e+00 5.555555555555555802e-01
4.148514164262451231e-01 8.202038190017142405e-01 1.359467191839941469e-02 5.553759839385747910e-01 -2.740379065748244081e-01
-2.907646544044837356e-01 1.059471838409081101e+00 2.002134539339567865e-01 -4.082420633058063686e-01 -3.938982503281698300e-01
1.000000000000000000e+00 4.464387753978371620e-01 1.360509977936744663e+00 1.000000000000000000e+00 2.315656403197892121e+00
1.000000000000000000e+00 3.524800253411133344e-01 -8.995304167270656848e-02 1.000000000000000000e+00 3.955825609820229349e-01
1.000000000000000000e+00 4.561282675713300705e-01 -4.939853451486850844e-01 0.000000000000000000e+00 -3.627905173907204350e-01
1.000000000000000000e+00 5.666411419709523889e-01 6.157780282199383226e-01 1.000000000000000000e+00 4.681274408977182944e-01
4.176791384816169739e-02 5.825021054479293525e-01 -1.848268938064574485e-01 1.000000000000000000e+00 7.182108114163080481e-01
1.000000000000000000e+00 1.246464222669601440e+00 1.204163694381713778e+00 0.000000000000000000e+00 -6.602597448324400986e-01
1.000000000000000000e+00 9.166666666666666297e-01 8.000000000000000167e-02 0.000000000000000000e+00 2.698412698412698263e-01
0.000000000000000000e+00 9.166666666666666297e-01 8.000000000000000167e-02 0.000000000000000000e+00 2.698412698412698263e-01
0.000000000000000000e+00 9.166666666666666297e-01 8.000000000000000167e-02 1.000000000000000000e+00 5.555555555555555802e-01
1.000000000000000000e+00 5.333724568287531165e-01 4.781958699785172628e-01 1.000000000000000000e+00 4.634484632147682914e-01
1.902639269828796387e-01 2.011226086566844096e-01 1.229740561544895305e-01 1.000000000000000000e+00 1.705385430021181925e+00
1.000000000000000000e+00 3.333333333333333148e-01 1.600000000000000033e-01 1.000000000000000000e+00 3.333333333333333148e-01
1.000000000000000000e+00 5.219872587670882913e-01 5.523659512773155811e-01 1.000000000000000000e+00 6.364764630321472216e-01
4.931630538776516914e-01 4.786418663958706965e-01 1.200690678656101351e+00 1.000000000000000000e+00 -1.370103224698040467e-01
1.000000000000000000e+00 2.102227929979562759e+00 6.758605676610023316e-01 1.000000000000000000e+00 -1.860194193367432636e-01
1.000000000000000000e+00 4.059569686651229858e-01 2.431396955810487537e-01 1.000000000000000000e+00 1.913432918843769315e-01
-2.675008128862828016e-01 9.450856723512213176e-01 1.079436008725315421e+00 1.000000000000000000e+00 1.154268416856962576e+00
1.265351578767877072e-01 5.494906604290008545e-01 3.406767514720558943e-01 1.000000000000000000e+00 5.237665599034655450e-01
1.000000000000000000e+00 6.399722297986347730e-01 4.614970171451568959e-01 1.000000000000000000e+00 5.332885041596397979e-01
1.000000000000000000e+00 3.944588042795658112e-01 2.926617860794067383e-02 1.000000000000000000e+00 3.294671636725228225e-01
-1.103223273530602455e-01 7.557853258525332185e-01 7.547955853864551923e-02 1.000000000000000000e+00 6.431889441603466651e-02
1.000000000000000000e+00 9.166666666666666297e-01 8.000000000000000167e-02 0.000000000000000000e+00 2.698412698412698263e-01
0.000000000000000000e+00 9.166666666666666297e-01 8.000000000000000167e-02 0.000000000000000000e+00 2.698412698412698263e-01
1.000000000000000000e+00 4.190865655740102502e-01 4.574023330211639538e-01 1.000000000000000000e+00 -1.238537109087385346e-01
-2.213814540300518274e-02 8.506031110882759094e-01 2.309856134653091586e-01 1.000000000000000000e+00 2.667507046744939103e-01
1.000000000000000000e+00 9.200947384039559473e-01 1.830251896381377974e-01 1.000000000000000000e+00 3.264810949090927172e-01
1.000000000000000000e+00 8.952556184182564047e-01 8.921600684523582625e-02 1.000000000000000000e+00 2.851216412252849941e-01
1.000000000000000000e+00 9.684949765602747229e-01 2.922523105144500533e-01 1.000000000000000000e+00 3.152186527611717248e-01
0.000000000000000000e+00 9.166666666666666297e-01 8.000000000000000167e-02 1.000000000000000000e+00 5.555555555555555802e-01
1.000000000000000000e+00 5.000000000000000000e-01 0.000000000000000000e+00 1.000000000000000000e+00 4.126984126984126755e-01
1.000000000000000000e+00 3.750000000000000000e-01 8.000000000000000167e-02 1.000000000000000000e+00 2.539682539682539542e-01
1.000000000000000000e+00 2.500000000000000000e-01 4.000000000000000222e-01 1.000000000000000000e+00 4.285714285714285476e-01
8.426571734016761184e-01 1.019116115445891868e+00 -5.474608117341994706e-01 1.000000000000000000e+00 1.124633231628981767e+00
1.000000000000000000e+00 2.916666666666666852e-01 8.000000000000000167e-02 1.000000000000000000e+00 3.809523809523809312e-01
1.000000000000000000e+00 5.824290265639622266e-01 1.832071372866630465e-01 1.000000000000000000e+00 8.829012465855434755e-02
1.000000000000000000e+00 2.916666666666666852e-01 2.399999999999999911e-01 1.000000000000000000e+00 3.174603174603174427e-01
1.000000000000000000e+00 5.242143360277017328e-01 9.890928119421005249e-02 1.000000000000000000e+00 4.363106191158294678e-01
1.000000000000000000e+00 8.849418076376119879e-01 2.087531442940235293e-01 1.000000000000000000e+00 3.148606504712785359e-01
1.000000000000000000e+00 3.497333290676275519e-01 3.347888745367527674e-02 1.000000000000000000e+00 2.982270293056018540e-01
1.000000000000000000e+00 4.009383221467336389e-01 1.647802591323852539e-01 1.000000000000000000e+00 4.118698241691740591e-01
1.000000000000000000e+00 7.644672288248934855e-01 2.705743619799614308e-01 1.000000000000000000e+00 3.922432889230549335e-01
1.000000000000000000e+00 1.235863028559833765e+00 1.298681148141622721e-01 1.000000000000000000e+00 -4.644572602377996517e-01
1.000000000000000000e+00 3.310165770429496779e-01 1.505024980753660313e-01 1.000000000000000000e+00 3.683541752989329954e-01
-8.485205983743071556e-02 6.574568746145814657e-01 7.517358094453818751e-02 1.000000000000000000e+00 5.868285021611621133e-01
1.000000000000000000e+00 5.416666666666666297e-01 5.600000000000000533e-01 1.000000000000000000e+00 5.238095238095238360e-01
1.576122819096781313e-02 7.663535326719284058e-01 -1.103987917304039001e-02 1.000000000000000000e+00 -2.002782764888944023e-02
1.461435995995998383e+00 4.421588132778804248e-01 -6.804536104202268954e-02 1.000000000000000000e+00 4.695991265240110346e-01
1.000000000000000000e+00 1.767086489746967803e+00 1.060873248577117955e+00 1.000000000000000000e+00 -1.339637686808905492e-01
1.000000000000000000e+00 9.680672176182270050e-01 1.649812208488583565e-01 1.000000000000000000e+00 2.486874518235997478e-01
1.000000000000000000e+00 3.065840092798075567e-01 3.513868288695811692e-01 1.000000000000000000e+00 2.279532376735931010e-01
1.000000000000000000e+00 5.009022603432337073e-01 5.716081386804581221e-01 1.000000000000000000e+00 4.719125127774619344e-01
-6.686158352531492710e-01 2.001903119186558833e-01 5.103828667849302780e-01 1.000000000000000000e+00 5.279548181228280734e-01
1.000000000000000000e+00 8.101645979719855895e-01 8.680762845277785189e-01 1.000000000000000000e+00 -1.915632055865392758e-01
1.000000000000000000e+00 5.590388824542363855e-01 5.778617756441235542e-01 1.000000000000000000e+00 4.552453367837837606e-01
1.000000000000000000e+00 4.238881406684715802e-01 6.471722555160521750e-01 1.000000000000000000e+00 4.863369567504536306e-01
1.000000000000000000e+00 3.453163107236225660e-01 5.378112077713015360e-02 1.000000000000000000e+00 3.486125034590562000e-01
1.000000000000000000e+00 3.335998007581413849e-01 1.812525101006031147e-01 1.000000000000000000e+00 2.991128880826253722e-01
1.000000000000000000e+00 4.814581573009490967e-01 5.847614407539367676e-01 1.000000000000000000e+00 5.466446425943147780e-01
1.000000000000000000e+00 2.500000000000000000e-01 4.000000000000000222e-01 1.000000000000000000e+00 4.285714285714285476e-01
1.000000000000000000e+00 3.750000000000000000e-01 8.000000000000000167e-02 1.000000000000000000e+00 2.539682539682539542e-01
1.000000000000000000e+00 8.698263323555389670e-01 9.381475478410722380e-02 1.000000000000000000e+00 2.891487294128016750e-01
1.000000000000000000e+00 5.810286204020181922e-01 5.031659000739455712e-01 1.000000000000000000e+00 6.343667753159053513e-01
1.000000000000000000e+00 8.991701751947402954e-01 1.543431600928306668e-01 1.000000000000000000e+00 3.278969043777102410e-01
1.000000000000000000e+00 2.441294391949971887e-01 1.545994663238525746e-01 1.000000000000000000e+00 3.989438885261141765e-01
1.000000000000000000e+00 8.319278396666049957e-01 1.453931730985641435e-01 1.000000000000000000e+00 3.391818172401852571e-01
1.000000000000000000e+00 9.037459070483842005e-01 7.211135134100921107e-02 1.000000000000000000e+00 3.643221766299877817e-01
1.000000000000000000e+00 1.766789158185324560e-01 4.312776863574985242e-02 1.000000000000000000e+00 2.509410822438815636e-01
1.000000000000000000e+00 3.855578824877738953e-01 9.114483922719956999e-02 1.000000000000000000e+00 2.589384998594010945e-01
2.315173748793313280e-01 1.227965261166294564e+00 -1.019646818041801462e+00 1.000000000000000000e+00 1.079615670855025300e-01
1.000000000000000000e+00 4.863184466958045959e-01 -8.176044896245002747e-01 1.000000000000000000e+00 6.880280457082248446e-01
1.000000000000000000e+00 3.050778700659672049e-01 1.001239201426505909e-01 1.000000000000000000e+00 4.414595294566381334e-01
