0.000000000000000000e+00 9.166666666666666297e-01 8.000000000000000167e-02 0.000000000000000000e+00 2.539682539682539542e-01
1.000000000000000000e+00 5.833333333333333703e-01 8.000000000000000167e-02 0.000000000000000000e+00 2.222222222222222099e-01
0.000000000000000000e+00 9.166666666666666297e-01 8.000000000000000167e-02 1.000000000000000000e+00 7.301587301587301182e-01
0.000000000000000000e+00 1.666666666666666574e-01 4.000000000000000083e-02 1.000000000000000000e+00 4.761904761904761640e-01
1.000000000000000000e+00 2.500000000000000000e-01 4.000000000000000222e-01 1.000000000000000000e+00 8.253968253968253510e-01
1.000000000000000000e+00 9.166666666666666297e-01 8.000000000000000167e-02 0.000000000000000000e+00 2.698412698412698263e-01
1.000000000000000000e+00 3.333333333333333148e-01 1.600000000000000033e-01 1.000000000000000000e+00 2.539682539682539542e-01
1.000000000000000000e+00 3.750000000000000000e-01 8.000000000000000167e-02 1.000000000000000000e+00 3.809523809523809312e-01
0.000000000000000000e+00 8.750000000000000000e-01 8.000000000000000167e-02 0.000000000000000000e+00 8.730158730158730229e-01
1.000000000000000000e+00 5.833333333333333703e-01 8.000000000000000167e-02 0.000000000000000000e+00 2.698412698412698263e-01
1.000000000000000000e+00 3.750000000000000000e-01 8.399999999999999689e-01 1.000000000000000000e+00 9.523809523809523281e-02
1.000000000000000000e+00 5.000000000000000000e-01 0.000000000000000000e+00 1.000000000000000000e+00 4.285714285714285476e-01
1.000000000000000000e+00 7.083333333333333703e-01 8.000000000000000444e-01 1.000000000000000000e+00 4.126984126984126755e-01
1.000000000000000000e+00 2.083333333333333426e-01 6.400000000000000133e-01 1.000000000000000000e+00 5.714285714285713969e-01
1.000000000000000000e+00 2.083333333333333426e-01 6.400000000000000133e-01 1.000000000000000000e+00 6.190476190476190688e-01
1.000000000000000000e+00 2.083333333333333426e-01 6.400000000000000133e-01 1.000000000000000000e+00 6.349206349206348854e-01
1.000000000000000000e+00 2.500000000000000000e-01 4.000000000000000222e-01 1.000000000000000000e+00 1.111111111111111049e-01
1.000000000000000000e+00 8.750000000000000000e-01 8.000000000000000167e-02 1.000000000000000000e+00 6.825396825396825573e-01
1.000000000000000000e+00 5.000000000000000000e-01 8.000000000000000167e-02 0.000000000000000000e+00 1.111111111111111049e-01
1.000000000000000000e+00 2.500000000000000000e-01 9.599999999999999645e-01 1.000000000000000000e+00 6.190476190476190688e-01
1.000000000000000000e+00 1.000000000000000000e+00 2.399999999999999911e-01 1.000000000000000000e+00 3.809523809523809312e-01
1.000000000000000000e+00 1.000000000000000000e+00 2.399999999999999911e-01 1.000000000000000000e+00 3.174603174603174427e-01
1.000000000000000000e+00 4.166666666666666435e-02 3.200000000000000067e-01 1.000000000000000000e+00 4.444444444444444198e-01
1.000000000000000000e+00 0.000000000000000000e+00 5.600000000000000533e-01 0.000000000000000000e+00 3.015873015873015706e-01
1.000000000000000000e+00 5.833333333333333703e-01 4.799999999999999822e-01 1.000000000000000000e+00 5.396825396825396526e-01
1.000000000000000000e+00 2.500000000000000000e-01 4.000000000000000222e-01 1.000000000000000000e+00 1.587301587301587213e-01
1.000000000000000000e+00 2.916666666666666852e-01 8.000000000000000167e-02 1.000000000000000000e+00 3.333333333333333148e-01
1.000000000000000000e+00 5.416666666666666297e-01 5.600000000000000533e-01 1.000000000000000000e+00 5.555555555555555802e-01
1.000000000000000000e+00 8.333333333333333703e-01 4.000000000000000083e-02 1.000000000000000000e+00 6.190476190476190688e-01
1.000000000000000000e+00 8.750000000000000000e-01 8.000000000000000167e-02 1.000000000000000000e+00 3.968253968253968034e-01
1.000000000000000000e+00 4.166666666666666852e-01 0.000000000000000000e+00 1.000000000000000000e+00 7.619047619047618625e-01
1.000000000000000000e+00 7.083333333333333703e-01 1.600000000000000033e-01 1.000000000000000000e+00 2.539682539682539542e-01
1.000000000000000000e+00 5.000000000000000000e-01 0.000000000000000000e+00 1.000000000000000000e+00 4.444444444444444198e-01
0.000000000000000000e+00 5.000000000000000000e-01 8.000000000000000167e-02 0.000000000000000000e+00 1.587301587301587213e-01
1.000000000000000000e+00 1.666666666666666574e-01 4.000000000000000083e-02 1.000000000000000000e+00 5.396825396825396526e-01
1.000000000000000000e+00 6.250000000000000000e-01 2.800000000000000266e-01 1.000000000000000000e+00 5.238095238095238360e-01
1.000000000000000000e+00 1.250000000000000000e-01 5.999999999999999778e-01 1.000000000000000000e+00 2.857142857142856984e-01
1.000000000000000000e+00 1.666666666666666574e-01 4.000000000000000083e-02 1.000000000000000000e+00 7.142857142857143016e-01
1.000000000000000000e+00 5.416666666666666297e-01 5.600000000000000533e-01 1.000000000000000000e+00 5.555555555555555802e-01
0.000000000000000000e+00 9.166666666666666297e-01 8.000000000000000167e-02 0.000000000000000000e+00 2.539682539682539542e-01
1.000000000000000000e+00 5.833333333333333703e-01 8.000000000000000167e-02 0.000000000000000000e+00 2.222222222222222099e-01
0.000000000000000000e+00 9.166666666666666297e-01 8.000000000000000167e-02 1.000000000000000000e+00 7.301587301587301182e-01
0.000000000000000000e+00 1.666666666666666574e-01 4.000000000000000083e-02 1.000000000000000000e+00 4.761904761904761640e-01
1.000000000000000000e+00 2.500000000000000000e-01 4.000000000000000222e-01 1.000000000000000000e+00 8.253968253968253510e-01
1.000000000000000000e+00 9.166666666666666297e-01 8.000000000000000167e-02 0.000000000000000000e+00 2.698412698412698263e-01
1.000000000000000000e+00 3.333333333333333148e-01 1.600000000000000033e-01 1.000000000000000000e+00 2.539682539682539542e-01
1.000000000000000000e+00 3.750000000000000000e-01 8.000000000000000167e-02 1.000000000000000000e+00 3.809523809523809312e-01
0.000000000000000000e+00 1.000526121264556423e+00 3.185583084821702604e-02 1.000000000000000000e+00 6.445673353718741616e-01
1.000000000000000000e+00 5.833333333333333703e-01 8.000000000000000167e-02 0.000000000000000000e+00 2.698412698412698263e-01
1.000000000000000000e+00 3.750000000000000000e-01 8.399999999999999689e-01 1.000000000000000000e+00 9.523809523809523281e-02
1.000000000000000000e+00 5.000000000000000000e-01 0.000000000000000000e+00 1.000000000000000000e+00 4.285714285714285476e-01
1.000000000000000000e+00 7.083333333333333703e-01 8.000000000000000444e-01 1.000000000000000000e+00 4.126984126984126755e-01
1.000000000000000000e+00 2.083333333333333426e-01 6.400000000000000133e-01 1.000000000000000000e+00 5.714285714285713969e-01
1.000000000000000000e+00 2.083333333333333426e-01 6.400000000000000133e-01 1.000000000000000000e+00 6.190476190476190688e-01
1.000000000000000000e+00 2.083333333333333426e-01 6.400000000000000133e-01 1.000000000000000000e+00 6.349206349206348854e-01
1.000000000000000000e+00 2.500000000000000000e-01 4.000000000000000222e-01 1.000000000000000000e+00 1.111111111111111049e-01
1.000000000000000000e+00 8.750000000000000000e-01 8.000000000000000167e-02 1.000000000000000000e+00 6.825396825396825573e-01
1.000000000000000000e+00 5.000000000000000000e-01 8.000000000000000167e-02 0.000000000000000000e+00 1.111111111111111049e-01
1.000000000000000000e+00 2.500000000000000000e-01 9.599999999999999645e-01 1.000000000000000000e+00 6.190476190476190688e-01
1.000000000000000000e+00 1.000000000000000000e+00 2.399999999999999911e-01 1.000000000000000000e+00 3.809523809523809312e-01
1.000000000000000000e+00 1.000000000000000000e+00 2.399999999999999911e-01 1.000000000000000000e+00 3.174603174603174427e-01
1.000000000000000000e+00 4.166666666666666435e-02 3.200000000000000067e-01 1.000000000000000000e+00 4.444444444444444198e-01
1.000000000000000000e+00 0.000000000000000000e+00 5.600000000000000533e-01 0.000000000000000000e+00 3.015873015873015706e-01
1.000000000000000000e+00 5.833333333333333703e-01 4.799999999999999822e-01 1.000000000000000000e+00 5.396825396825396526e-01
1.000000000000000000e+00 2.500000000000000000e-01 4.000000000000000222e-01 1.000000000000000000e+00 1.587301587301587213e-01
1.000000000000000000e+00 2.916666666666666852e-01 8.000000000000000167e-02 1.000000000000000000e+00 3.333333333333333148e-01
1.000000000000000000e+00 5.416666666666666297e-01 5.600000000000000533e-01 1.000000000000000000e+00 5.555555555555555802e-01
1.000000000000000000e+00 8.333333333333333703e-01 4.000000000000000083e-02 1.000000000000000000e+00 6.190476190476190688e-01
1.000000000000000000e+00 8.750000000000000000e-01 8.000000000000000167e-02 1.000000000000000000e+00 3.968253968253968034e-01
1.000000000000000000e+00 4.166666666666666852e-01 0.000000000000000000e+00 1.000000000000000000e+00 7.619047619047618625e-01
1.000000000000000000e+00 7.083333333333333703e-01 1.600000000000000033e-01 1.000000000000000000e+00 2.539682539682539542e-01
1.000000000000000000e+00 5.000000000000000000e-01 0.000000000000000000e+00 1.000000000000000000e+00 4.444444444444444198e-01
0.000000000000000000e+00 5.000000000000000000e-01 8.000000000000000167e-02 0.000000000000000000e+00 1.587301587301587213e-01
1.000000000000000000e+00 1.666666666666666574e-01 4.000000000000000083e-02 1.000000000000000000e+00 5.396825396825396526e-01
1.000000000000000000e+00 6.250000000000000000e-01 2.800000000000000266e-01 1.000000000000000000e+00 5.238095238095238360e-01
1.000000000000000000e+00 1.250000000000000000e-01 5.999999999999999778e-01 1.000000000000000000e+00 2.857142857142856984e-01
1.000000000000000000e+00 1.666666666666666574e-01 4.000000000000000083e-02 1.000000000000000000e+00 7.142857142857143016e-01
1.000000000000000000e+00 5.416666666666666297e-01 5.600000000000000533e-01 1.000000000000000000e+00 5.555555555555555802e-01
-1.036459580063819885e-04 8.924724721970657138e-01 8.000000000000000167e-02 0.000000000000000000e+00 3.761821448329895068e-01
0.000000000000000000e+00 5.394461564719676971e-01 8.000000000000000167e-02 0.000000000000000000e+00 2.428849173916710624e-01
1.000000000000000000e+00 5.965141816996037960e-01 7.137559738755225869e-01 1.000000000000000000e+00 3.034617976536826411e-01
1.000000000000000000e+00 3.473179631012802138e-01 -4.227792195975779710e-02 1.000000000000000000e+00 4.008929976927382288e-01
1.000000000000000000e+00 5.307407970540225506e-01 8.000000000000000167e-02 0.000000000000000000e+00 2.418418900361136714e-01
1.000000000000000000e+00 5.936363389094670984e-01 7.322191309183836427e-01 1.000000000000000000e+00 3.395382666531654436e-01
0.000000000000000000e+00 7.485367134213447571e-01 -7.097141891717895223e-03 1.000000000000000000e+00 6.416805076102415351e-01
1.000000000000000000e+00 -2.261904627084732056e-02 5.744761839509010537e-01 0.000000000000000000e+00 3.044595609138172621e-01
1.000000000000000000e+00 9.166666666666666297e-01 8.000000000000000167e-02 0.000000000000000000e+00 2.698412698412698263e-01
0.000000000000000000e+00 9.166666666666666297e-01 8.000000000000000167e-02 0.000000000000000000e+00 2.698412698412698263e-01
0.000000000000000000e+00 9.166666666666666297e-01 8.000000000000000167e-02 1.000000000000000000e+00 5.555555555555555802e-01
1.000000000000000000e+00 7.451670120159784583e-01 6.580552124977111506e-01 1.000000000000000000e+00 2.450453031083775768e-01
0.000000000000000000e+00 5.725223508294826624e-01 6.849005123227834835e-01 1.000000000000000000e+00 5.395816939454229910e-01
1.000000000000000000e+00 3.333333333333333148e-01 1.600000000000000033e-01 1.000000000000000000e+00 3.333333333333333148e-01
1.000000000000000000e+00 5.343618603268017742e-01 6.534783153701573255e-01 1.000000000000000000e+00 5.218388124827354480e-01
0.000000000000000000e+00 6.110836068789163855e-01 5.913919390738010540e-01 1.000000000000000000e+00 4.620736282732751388e-01
1.000000000000000000e+00 2.698439508676528931e-01 6.542955613136292037e-01 1.000000000000000000e+00 5.904252731189545411e-01
1.000000000000000000e+00 2.525785742327570915e-01 4.004549489775672821e-01 1.000000000000000000e+00 4.018508093611758980e-01
0.000000000000000000e+00 5.622453788916270678e-01 6.117728598415851371e-01 1.000000000000000000e+00 4.427276582471907918e-01
0.000000000000000000e+00 5.720251412130892277e-01 6.298798057436942877e-01 1.000000000000000000e+00 4.237501159132945894e-01
1.000000000000000000e+00 4.124726591010888233e-01 3.353821867704391835e-01 1.000000000000000000e+00 4.597554310919746423e-01
1.000000000000000000e+00 4.414080954156816006e-01 -5.242018774151802063e-02 1.000000000000000000e+00 2.993843679035466110e-01
0.000000000000000000e+00 5.499666010340055200e-01 5.969563781842589512e-01 1.000000000000000000e+00 4.491328699588184037e-01
1.000000000000000000e+00 9.166666666666666297e-01 8.000000000000000167e-02 0.000000000000000000e+00 2.698412698412698263e-01
0.000000000000000000e+00 9.166666666666666297e-01 8.000000000000000167e-02 0.000000000000000000e+00 2.698412698412698263e-01
1.000000000000000000e+00 2.083333333333333426e-01 6.400000000000000133e-01 1.000000000000000000e+00 5.396825396825396526e-01
0.000000000000000000e+00 9.081001104786992073e-01 8.000000000000000167e-02 1.000000000000000000e+00 4.804962316439265191e-01
1.000000000000000000e+00 8.718065718809763220e-01 3.205157905817032638e-02 1.000000000000000000e+00 1.199635996941535998e-01
1.000000000000000000e+00 9.166666666666666297e-01 8.000000000000000167e-02 1.000000000000000000e+00 1.111111111111111049e-01
1.000000000000000000e+00 8.771056706706682471e-01 -1.489417618513106945e-01 1.000000000000000000e+00 2.720617998154863382e-01
0.000000000000000000e+00 9.166666666666666297e-01 8.000000000000000167e-02 1.000000000000000000e+00 5.555555555555555802e-01
1.000000000000000000e+00 5.000000000000000000e-01 0.000000000000000000e+00 1.000000000000000000e+00 4.126984126984126755e-01
1.000000000000000000e+00 3.750000000000000000e-01 8.000000000000000167e-02 1.000000000000000000e+00 2.539682539682539542e-01
1.000000000000000000e+00 2.500000000000000000e-01 4.000000000000000222e-01 1.000000000000000000e+00 4.285714285714285476e-01
0.000000000000000000e+00 6.061258536453048018e-01 7.255446663498879012e-01 1.000000000000000000e+00 3.456885194967662667e-01
1.000000000000000000e+00 2.916666666666666852e-01 8.000000000000000167e-02 1.000000000000000000e+00 3.809523809523809312e-01
1.000000000000000000e+00 2.691729788978893811e-01 3.759544134140013760e-02 1.000000000000000000e+00 5.902706826963122211e-01
1.000000000000000000e+00 3.374807226161162244e-01 1.147284412384033114e-01 1.000000000000000000e+00 3.413015807210098007e-01
1.000000000000000000e+00 3.867580474664767953e-01 1.567606907337903976e-02 1.000000000000000000e+00 7.928041447885334492e-01
1.000000000000000000e+00 9.166666666666666297e-01 8.000000000000000167e-02 1.000000000000000000e+00 1.428571428571428492e-01
1.000000000000000000e+00 1.289126003781954355e-01 2.770899419486522741e-01 1.000000000000000000e+00 3.569183670102603623e-01
1.000000000000000000e+00 4.944832635422548028e-01 -2.255138009786605835e-02 1.000000000000000000e+00 3.902160825710447867e-01
1.000000000000000000e+00 8.642445454994835963e-01 5.332731777802110495e-02 1.000000000000000000e+00 3.391748294234275818e-02
1.000000000000000000e+00 6.007006298750638962e-01 6.735499695455655633e-01 1.000000000000000000e+00 3.013485932929648170e-01
1.000000000000000000e+00 3.066683912960191383e-01 1.493922691326588503e-01 1.000000000000000000e+00 2.694492242890336176e-01
0.000000000000000000e+00 2.267926707863807678e-01 5.535678278654813933e-02 1.000000000000000000e+00 4.333216019773057370e-01
1.000000000000000000e+00 5.416666666666666297e-01 5.600000000000000533e-01 1.000000000000000000e+00 5.238095238095238360e-01
0.000000000000000000e+00 8.934868657961487770e-01 1.081213788129389286e-01 1.000000000000000000e+00 6.499473320408946098e-01
0.000000000000000000e+00 1.102364423374335156e-01 2.824252906255424189e-02 1.000000000000000000e+00 5.248540890521354862e-01
1.000000000000000000e+00 7.365378240744272498e-01 -5.938707202672957597e-02 1.000000000000000000e+00 5.532122474784652022e-01
1.000000000000000000e+00 9.124782886356115341e-01 5.579233914613723755e-02 1.000000000000000000e+00 1.502209996124581615e-01
1.000000000000000000e+00 5.762884415065249177e-01 6.549488995783030454e-01 1.000000000000000000e+00 3.058296229749444817e-01
1.000000000000000000e+00 6.334807152549425391e-01 6.855311891436577376e-01 1.000000000000000000e+00 3.145623693597458526e-01
0.000000000000000000e+00 5.674954742814103392e-01 6.072225331515074265e-01 1.000000000000000000e+00 4.676398389514476728e-01
1.000000000000000000e+00 6.203774816046158103e-01 6.829659539461135909e-01 1.000000000000000000e+00 3.135130658952726135e-01
1.000000000000000000e+00 7.344197000687321397e-01 7.635519104078412056e-01 1.000000000000000000e+00 3.444818167814186483e-01
1.000000000000000000e+00 5.546097060044605787e-01 6.732398700714111728e-01 1.000000000000000000e+00 3.106629795113962644e-01
1.000000000000000000e+00 3.689128061135609760e-01 1.164174664020538597e-01 1.000000000000000000e+00 3.279267822702725543e-01
1.000000000000000000e+00 3.452163406958182468e-01 8.232844136655331768e-02 1.000000000000000000e+00 2.916661966887731383e-01
1.000000000000000000e+00 7.897540926933288574e-01 2.384372651576995850e-01 1.000000000000000000e+00 5.034876462249529006e-01
1.000000000000000000e+00 2.500000000000000000e-01 4.000000000000000222e-01 1.000000000000000000e+00 4.285714285714285476e-01
1.000000000000000000e+00 3.750000000000000000e-01 8.000000000000000167e-02 1.000000000000000000e+00 2.539682539682539542e-01
1.000000000000000000e+00 9.166666666666666297e-01 8.000000000000000167e-02 1.000000000000000000e+00 1.269841269841269771e-01
1.000000000000000000e+00 5.587963347012797621e-01 4.461681100726128113e-01 1.000000000000000000e+00 3.126888735338099190e-01
1.000000000000000000e+00 4.859879761934280396e-01 8.612462861835956662e-01 1.000000000000000000e+00 3.179710907598269909e-01
1.000000000000000000e+00 2.682706334938605441e-01 8.874692996963859382e-02 1.000000000000000000e+00 3.803890222121798503e-01
1.000000000000000000e+00 9.305686652660369873e-01 2.382109415531158403e-01 1.000000000000000000e+00 2.004024955547518139e-01
1.000000000000000000e+00 8.221779266993203272e-01 1.462316083908081210e-01 1.000000000000000000e+00 9.415225762253004449e-02
1.000000000000000000e+00 2.507367854317029132e-01 1.012537553533911505e-01 1.000000000000000000e+00 3.692812457355478806e-01
1.000000000000000000e+00 3.025889694690704346e-01 9.815633778460325365e-02 1.000000000000000000e+00 3.180620643709387019e-01
0.000000000000000000e+00 9.419996490081152807e-01 2.322939836978912265e-01 1.000000000000000000e+00 6.535107361518645019e-01
1.000000000000000000e+00 9.540735222399234772e-01 2.395939081907272339e-02 1.000000000000000000e+00 5.871813667583323237e-01
1.000000000000000000e+00 6.337655584017434784e-02 4.247149160504340992e-01 1.000000000000000000e+00 4.207390922875631212e-01
