0.000000000000000000e+00 9.166666666666666297e-01 8.000000000000000167e-02 0.000000000000000000e+00 2.539682539682539542e-01
1.000000000000000000e+00 5.833333333333333703e-01 8.000000000000000167e-02 0.000000000000000000e+00 2.222222222222222099e-01
0.000000000000000000e+00 9.166666666666666297e-01 8.000000000000000167e-02 1.000000000000000000e+00 7.301587301587301182e-01
0.000000000000000000e+00 1.666666666666666574e-01 4.000000000000000083e-02 1.000000000000000000e+00 4.761904761904761640e-01
1.000000000000000000e+00 2.500000000000000000e-01 4.000000000000000222e-01 1.000000000000000000e+00 8.253968253968253510e-01
1.000000000000000000e+00 9.166666666666666297e-01 8.000000000000000167e-02 0.000000000000000000e+00 2.698412698412698263e-01
1.000000000000000000e+00 3.333333333333333148e-01 1.600000000000000033e-01 1.000000000000000000e+00 2.539682539682539542e-01
1.000000000000000000e+00 3.750000000000000000e-01 8.000000000000000167e-02 1.000000000000000000e+00 3.809523809523809312e-01
-8.060533669777214527e-03 6.824617050588130951e-01 1.250525276942244246e-01 -1.874670428223907948e-01 1.209515552849523612e+00
1.000000000000000000e+00 5.833333333333333703e-01 8.000000000000000167e-02 0.000000000000000000e+00 2.698412698412698263e-01
1.000000000000000000e+00 3.750000000000000000e-01 8.399999999999999689e-01 1.000000000000000000e+00 9.523809523809523281e-02
1.000000000000000000e+00 5.000000000000000000e-01 0.000000000000000000e+00 1.000000000000000000e+00 4.285714285714285476e-01
1.000000000000000000e+00 7.083333333333333703e-01 8.000000000000000444e-01 1.000000000000000000e+00 4.126984126984126755e-01
1.000000000000000000e+00 2.083333333333333426e-01 6.400000000000000133e-01 1.000000000000000000e+00 5.714285714285713969e-01
1.000000000000000000e+00 2.083333333333333426e-01 6.400000000000000133e-01 1.000000000000000000e+00 6.190476190476190688e-01
1.000000000000000000e+00 2.083333333333333426e-01 6.400000000000000133e-01 1.000000000000000000e+00 6.349206349206348854e-01
1.000000000000000000e+00 2.500000000000000000e-01 4.000000000000000222e-01 1.000000000000000000e+00 1.111111111111111049e-01
1.000000000000000000e+00 8.750000000000000000e-01 8.000000000000000167e-02 1.000000000000000000e+00 6.825396825396825573e-01
1.000000000000000000e+00 5.000000000000000000e-01 8.000000000000000167e-02 0.000000000000000000e+00 1.111111111111111049e-01
1.000000000000000000e+00 2.500000000000000000e-01 9.599999999999999645e-01 1.000000000000000000e+00 6.190476190476190688e-01
1.000000000000000000e+00 1.000000000000000000e+00 2.399999999999999911e-01 1.000000000000000000e+00 3.809523809523809312e-01
1.000000000000000000e+00 1.000000000000000000e+00 2.399999999999999911e-01 1.000000000000000000e+00 3.174603174603174427e-01
1.000000000000000000e+00 4.166666666666666435e-02 3.200000000000000067e-01 1.000000000000000000e+00 4.444444444444444198e-01
1.000000000000000000e+00 0.000000000000000000e+00 5.600000000000000533e-01 0.000000000000000000e+00 3.015873015873015706e-01
1.000000000000000000e+00 5.833333333333333703e-01 4.799999999999999822e-01 1.000000000000000000e+00 5.396825396825396526e-01
1.000000000000000000e+00 2.500000000000000000e-01 4.000000000000000222e-01 1.000000000000000000e+00 1.587301587301587213e-01
1.000000000000000000e+00 2.916666666666666852e-01 8.000000000000000167e-02 1.000000000000000000e+00 3.333333333333333148e-01
1.000000000000000000e+00 5.416666666666666297e-01 5.600000000000000533e-01 1.000000000000000000e+00 5.555555555555555802e-01
1.000000000000000000e+00 8.333333333333333703e-01 4.000000000000000083e-02 1.000000000000000000e+00 6.190476190476190688e-01
1.000000000000000000e+00 8.750000000000000000e-01 8.000000000000000167e-02 1.000000000000000000e+00 3.968253968253968034e-01
1.000000000000000000e+00 4.166666666666666852e-01 0.000000000000000000e+00 1.000000000000000000e+00 7.619047619047618625e-01
1.000000000000000000e+00 7.083333333333333703e-01 1.600000000000000033e-01 1.000000000000000000e+00 2.539682539682539542e-01
1.000000000000000000e+00 5.000000000000000000e-01 0.000000000000000000e+00 1.000000000000000000e+00 4.444444444444444198e-01
0.000000000000000000e+00 5.000000000000000000e-01 8.000000000000000167e-02 0.000000000000000000e+00 1.587301587301587213e-01
1.000000000000000000e+00 1.666666666666666574e-01 4.000000000000000083e-02 1.000000000000000000e+00 5.396825396825396526e-01
1.000000000000000000e+00 6.250000000000000000e-01 2.800000000000000266e-01 1.000000000000000000e+00 5.238095238095238360e-01
1.000000000000000000e+00 1.250000000000000000e-01 5.999999999999999778e-01 1.000000000000000000e+00 2.857142857142856984e-01
1.000000000000000000e+00 1.666666666666666574e-01 4.000000000000000083e-02 1.000000000000000000e+00 7.142857142857143016e-01
1.000000000000000000e+00 5.416666666666666297e-01 5.600000000000000533e-01 1.000000000000000000e+00 5.555555555555555802e-01
0.000000000000000000e+00 9.166666666666666297e-01 8.000000000000000167e-02 0.000000000000000000e+00 2.539682539682539542e-01
1.000000000000000000e+00 5.833333333333333703e-01 8.000000000000000167e-02 0.000000000000000000e+00 2.222222222222222099e-01
0.000000000000000000e+00 9.166666666666666297e-01 8.000000000000000167e-02 1.000000000000000000e+00 7.301587301587301182e-01
0.000000000000000000e+00 1.666666666666666574e-01 4.000000000000000083e-02 1.000000000000000000e+00 4.761904761904761640e-01
1.000000000000000000e+00 2.500000000000000000e-01 4.000000000000000222e-01 1.000000000000000000e+00 8.253968253968253510e-01
1.000000000000000000e+00 9.166666666666666297e-01 8.000000000000000167e-02 0.000000000000000000e+00 2.698412698412698263e-01
1.000000000000000000e+00 3.333333333333333148e-01 1.600000000000000033e-01 1.000000000000000000e+00 2.539682539682539542e-01
1.000000000000000000e+00 3.750000000000000000e-01 8.000000000000000167e-02 1.000000000000000000e+00 3.809523809523809312e-01
-9.900553850457072258e-02 8.514393791556358337e-01 1.638467217981816049e-01 1.000000000000000000e+00 1.092516483620755263e+00
1.000000000000000000e+00 5.833333333333333703e-01 8.000000000000000167e-02 0.000000000000000000e+00 2.698412698412698263e-01
1.000000000000000000e+00 3.750000000000000000e-01 8.399999999999999689e-01 1.000000000000000000e+00 9.523809523809523281e-02
1.000000000000000000e+00 5.000000000000000000e-01 0.000000000000000000e+00 1.000000000000000000e+00 4.285714285714285476e-01
1.000000000000000000e+00 7.083333333333333703e-01 8.000000000000000444e-01 1.000000000000000000e+00 4.126984126984126755e-01
1.000000000000000000e+00 2.083333333333333426e-01 6.400000000000000133e-01 1.000000000000000000e+00 5.714285714285713969e-01
1.000000000000000000e+00 2.083333333333333426e-01 6.400000000000000133e-01 1.000000000000000000e+00 6.190476190476190688e-01
1.000000000000000000e+00 2.083333333333333426e-01 6.400000000000000133e-01 1.000000000000000000e+00 6.349206349206348854e-01
1.000000000000000000e+00 2.500000000000000000e-01 4.000000000000000222e-01 1.000000000000000000e+00 1.111111111111111049e-01
1.000000000000000000e+00 8.750000000000000000e-01 8.000000000000000167e-02 1.000000000000000000e+00 6.825396825396825573e-01
1.000000000000000000e+00 5.000000000000000000e-01 8.000000000000000167e-02 0.000000000000000000e+00 1.111111111111111049e-01
1.000000000000000000e+00 2.500000000000000000e-01 9.599999999999999645e-01 1.000000000000000000e+00 6.190476190476190688e-01
1.000000000000000000e+00 1.000000000000000000e+00 2.399999999999999911e-01 1.000000000000000000e+00 3.809523809523809312e-01
1.000000000000000000e+00 1.000000000000000000e+00 2.399999999999999911e-01 1.000000000000000000e+00 3.174603174603174427e-01
1.000000000000000000e+00 4.166666666666666435e-02 3.200000000000000067e-01 1.000000000000000000e+00 4.444444444444444198e-01
1.000000000000000000e+00 0.000000000000000000e+00 5.600000000000000533e-01 0.000000000000000000e+00 3.015873015873015706e-01
1.000000000000000000e+00 5.833333333333333703e-01 4.799999999999999822e-01 1.000000000000000000e+00 5.396825396825396526e-01
1.000000000000000000e+00 2.500000000000000000e-01 4.000000000000000222e-01 1.000000000000000000e+00 1.587301587301587213e-01
1.000000000000000000e+00 2.916666666666666852e-01 8.000000000000000167e-02 1.000000000000000000e+00 3.333333333333333148e-01
1.000000000000000000e+00 5.416666666666666297e-01 5.600000000000000533e-01 1.000000000000000000e+00 5.555555555555555802e-01
1.000000000000000000e+00 8.333333333333333703e-01 4.000000000000000083e-02 1.000000000000000000e+00 6.190476190476190688e-01
1.000000000000000000e+00 8.750000000000000000e-01 8.000000000000000167e-02 1.000000000000000000e+00 3.968253968253968034e-01
1.000000000000000000e+00 4.166666666666666852e-01 0.000000000000000000e+00 1.000000000000000000e+00 7.619047619047618625e-01
1.000000000000000000e+00 7.083333333333333703e-01 1.600000000000000033e-01 1.000000000000000000e+00 2.539682539682539542e-01
1.000000000000000000e+00 5.000000000000000000e-01 0.000000000000000000e+00 1.000000000000000000e+00 4.444444444444444198e-01
0.000000000000000000e+00 5.000000000000000000e-01 8.000000000000000167e-02 0.000000000000000000e+00 1.587301587301587213e-01
1.000000000000000000e+00 1.666666666666666574e-01 4.000000000000000083e-02 1.000000000000000000e+00 5.396825396825396526e-01
1.000000000000000000e+00 6.250000000000000000e-01 2.800000000000000266e-01 1.000000000000000000e+00 5.238095238095238360e-01
1.000000000000000000e+00 1.250000000000000000e-01 5.999999999999999778e-01 1.000000000000000000e+00 2.857142857142856984e-01
1.000000000000000000e+00 1.666666666666666574e-01 4.000000000000000083e-02 1.000000000000000000e+00 7.142857142857143016e-01
1.000000000000000000e+00 5.416666666666666297e-01 5.600000000000000533e-01 1.000000000000000000e+00 5.555555555555555802e-01
7.100374964647926390e-01 9.735732159266867747e-01 -8.128737510905192920e-01 8.924906756728887558e-01 -1.927977511334040717e+00
3.314597062999382615e-01 6.581512989941984415e-01 -9.111666007303936832e-02 7.473451330442912877e-01 4.057705087794198917e-01
1.000000000000000000e+00 4.722938034683465958e-02 -6.584918636083603172e-01 1.000000000000000000e+00 -1.323241373405806609e+00
1.000000000000000000e+00 3.524800253411133344e-01 -8.995304167270656848e-02 1.000000000000000000e+00 3.955825609820229349e-01
1.000000000000000000e+00 1.362753491848707199e-01 -7.925919792886997328e-01 0.000000000000000000e+00 -2.374557777056618413e-01
1.000000000000000000e+00 5.666411419709523889e-01 6.157780282199383226e-01 1.000000000000000000e+00 4.681274408977182944e-01
1.469653602689504623e-01 6.540440108510665596e-01 -2.161564064025878196e-01 1.000000000000000000e+00 6.724505076805749049e-01
1.000000000000000000e+00 1.316731840372085571e+00 1.051596665382385165e+00 0.000000000000000000e+00 -2.883249732946593369e-01
1.000000000000000000e+00 9.166666666666666297e-01 8.000000000000000167e-02 0.000000000000000000e+00 2.698412698412698263e-01
0.000000000000000000e+00 9.166666666666666297e-01 8.000000000000000167e-02 0.000000000000000000e+00 2.698412698412698263e-01
0.000000000000000000e+00 9.166666666666666297e-01 8.000000000000000167e-02 1.000000000000000000e+00 5.555555555555555802e-01
1.000000000000000000e+00 5.333724568287531165e-01 4.781958699785172628e-01 1.000000000000000000e+00 4.634484632147682914e-01
-2.228657752275466919e-01 8.253772078702845683e-01 -8.724979184567926982e-02 1.000000000000000000e+00 4.957528396080883581e-01
1.000000000000000000e+00 3.333333333333333148e-01 1.600000000000000033e-01 1.000000000000000000e+00 3.333333333333333148e-01
1.000000000000000000e+00 5.219872587670882913e-01 5.523659512773155811e-01 1.000000000000000000e+00 6.364764630321472216e-01
4.218094516545534134e-02 1.963803997884192576e-01 1.093998662531376009e+00 1.000000000000000000e+00 1.041062055569556000e+00
1.000000000000000000e+00 7.484390772879123688e-01 2.020828562695533570e-01 1.000000000000000000e+00 2.514760805125761944e-01
1.000000000000000000e+00 4.059569686651229858e-01 2.431396955810487537e-01 1.000000000000000000e+00 1.913432918843769315e-01
-5.144211302977055311e-01 9.273364224160711711e-01 5.740881607867778236e-01 1.000000000000000000e+00 1.191946420168119802e+00
5.162607237871270627e-01 5.762354433536529541e-01 4.467199710384011091e-01 1.000000000000000000e+00 4.030154844568598627e-01
1.000000000000000000e+00 6.399722297986347730e-01 4.614970171451568959e-01 1.000000000000000000e+00 5.332885041596397979e-01
1.000000000000000000e+00 3.944588042795658112e-01 2.926617860794067383e-02 1.000000000000000000e+00 3.294671636725228225e-01
1.344603179022669792e-01 5.060129224633177492e-01 -3.293999108858406411e-01 1.000000000000000000e+00 1.233496068984210936e+00
1.000000000000000000e+00 9.166666666666666297e-01 8.000000000000000167e-02 0.000000000000000000e+00 2.698412698412698263e-01
0.000000000000000000e+00 9.166666666666666297e-01 8.000000000000000167e-02 0.000000000000000000e+00 2.698412698412698263e-01
1.000000000000000000e+00 2.986918290456136438e-01 5.826016435027122631e-01 1.000000000000000000e+00 5.798897468854509185e-01
-2.443748383084312081e-01 1.392839767038822174e+00 4.283582884073258157e-01 1.000000000000000000e+00 -3.052064066841486678e-01
1.000000000000000000e+00 9.200947384039559473e-01 1.830251896381377974e-01 1.000000000000000000e+00 3.264810949090927172e-01
1.000000000000000000e+00 8.952556184182564047e-01 8.921600684523582625e-02 1.000000000000000000e+00 2.851216412252849941e-01
1.000000000000000000e+00 9.684949765602747229e-01 2.922523105144500533e-01 1.000000000000000000e+00 3.152186527611717248e-01
0.000000000000000000e+00 9.166666666666666297e-01 8.000000000000000167e-02 1.000000000000000000e+00 5.555555555555555802e-01
1.000000000000000000e+00 5.000000000000000000e-01 0.000000000000000000e+00 1.000000000000000000e+00 4.126984126984126755e-01
1.000000000000000000e+00 3.750000000000000000e-01 8.000000000000000167e-02 1.000000000000000000e+00 2.539682539682539542e-01
1.000000000000000000e+00 2.500000000000000000e-01 4.000000000000000222e-01 1.000000000000000000e+00 4.285714285714285476e-01
1.244926477200351655e+00 1.265260916824141990e+00 2.067825323343277510e-01 1.000000000000000000e+00 7.736529647003089760e-01
1.000000000000000000e+00 2.916666666666666852e-01 8.000000000000000167e-02 1.000000000000000000e+00 3.809523809523809312e-01
1.000000000000000000e+00 -7.621638427178065722e-01 -2.241838595271110623e-01 1.000000000000000000e+00 2.434412151102035793e+00
1.000000000000000000e+00 2.916666666666666852e-01 2.399999999999999911e-01 1.000000000000000000e+00 3.174603174603174427e-01
1.000000000000000000e+00 5.242143360277017328e-01 9.890928119421005249e-02 1.000000000000000000e+00 4.363106191158294678e-01
1.000000000000000000e+00 8.849418076376119879e-01 2.087531442940235293e-01 1.000000000000000000e+00 3.148606504712785359e-01
1.000000000000000000e+00 3.497333290676275519e-01 3.347888745367527674e-02 1.000000000000000000e+00 2.982270293056018540e-01
1.000000000000000000e+00 4.009383221467336389e-01 1.647802591323852539e-01 1.000000000000000000e+00 4.118698241691740591e-01
1.000000000000000000e+00 7.644672288248934855e-01 2.705743619799614308e-01 1.000000000000000000e+00 3.922432889230549335e-01
1.000000000000000000e+00 1.975879012141376734e+00 6.443282447755338538e-02 1.000000000000000000e+00 -1.079665647612677581e+00
1.000000000000000000e+00 3.310165770429496779e-01 1.505024980753660313e-01 1.000000000000000000e+00 3.683541752989329954e-01
4.224635758437216282e-01 9.077014324720948935e-01 2.147197294235230203e-01 1.000000000000000000e+00 4.945415587031414262e-01
1.000000000000000000e+00 5.416666666666666297e-01 5.600000000000000533e-01 1.000000000000000000e+00 5.238095238095238360e-01
7.697214949002955109e-01 1.257147535681724548e+00 -8.759383521974086761e-01 1.000000000000000000e+00 -2.872679772831143730e-02
5.194510892033576965e-01 -1.613932152589161451e-01 1.066607552766800082e-01 1.000000000000000000e+00 3.012513878407873102e-01
1.000000000000000000e+00 7.756507831315198054e-01 1.593251013755798695e-01 1.000000000000000000e+00 4.599584887425103297e-01
1.000000000000000000e+00 9.680672176182270050e-01 1.649812208488583565e-01 1.000000000000000000e+00 2.486874518235997478e-01
1.000000000000000000e+00 3.065840092798075567e-01 3.513868288695811692e-01 1.000000000000000000e+00 2.279532376735931010e-01
1.000000000000000000e+00 5.009022603432337073e-01 5.716081386804581221e-01 1.000000000000000000e+00 4.719125127774619344e-01
-7.003445797599852085e-01 3.693950834373631587e-01 9.375323414057494809e-01 1.000000000000000000e+00 2.086670082136388160e-02
1.000000000000000000e+00 9.287881228762366881e-01 1.120877732634544266e+00 1.000000000000000000e+00 -5.293972955809689296e-02
1.000000000000000000e+00 5.590388824542363855e-01 5.778617756441235542e-01 1.000000000000000000e+00 4.552453367837837606e-01
1.000000000000000000e+00 4.238881406684715802e-01 6.471722555160521750e-01 1.000000000000000000e+00 4.863369567504536306e-01
1.000000000000000000e+00 3.453163107236225660e-01 5.378112077713015360e-02 1.000000000000000000e+00 3.486125034590562000e-01
1.000000000000000000e+00 3.335998007581413849e-01 1.812525101006031147e-01 1.000000000000000000e+00 2.991128880826253722e-01
1.000000000000000000e+00 4.814581573009490967e-01 5.847614407539367676e-01 1.000000000000000000e+00 5.466446425943147780e-01
1.000000000000000000e+00 2.500000000000000000e-01 4.000000000000000222e-01 1.000000000000000000e+00 4.285714285714285476e-01
1.000000000000000000e+00 3.750000000000000000e-01 8.000000000000000167e-02 1.000000000000000000e+00 2.539682539682539542e-01
1.000000000000000000e+00 8.698263323555389670e-01 9.381475478410722380e-02 1.000000000000000000e+00 2.891487294128016750e-01
1.000000000000000000e+00 5.810286204020181922e-01 5.031659000739455712e-01 1.000000000000000000e+00 6.343667753159053513e-01
1.000000000000000000e+00 8.991701751947402954e-01 1.543431600928306668e-01 1.000000000000000000e+00 3.278969043777102410e-01
1.000000000000000000e+00 2.441294391949971887e-01 1.545994663238525746e-01 1.000000000000000000e+00 3.989438885261141765e-01
1.000000000000000000e+00 8.319278396666049957e-01 1.453931730985641435e-01 1.000000000000000000e+00 3.391818172401852571e-01
1.000000000000000000e+00 9.037459070483842005e-01 7.211135134100921107e-02 1.000000000000000000e+00 3.643221766299877817e-01
1.000000000000000000e+00 1.766789158185324560e-01 4.312776863574985242e-02 1.000000000000000000e+00 2.509410822438815636e-01
1.000000000000000000e+00 3.855578824877738953e-01 9.114483922719956999e-02 1.000000000000000000e+00 2.589384998594010945e-01
4.300944870919920504e-03 1.012713994209965218e+00 -5.328865593671798795e-01 1.000000000000000000e+00 -3.065894525830765716e-01
1.000000000000000000e+00 7.581973299384117126e-01 1.038458399474620819e+00 1.000000000000000000e+00 3.607395968976474521e-01
1.000000000000000000e+00 3.050778700659672049e-01 1.001239201426505909e-01 1.000000000000000000e+00 4.414595294566381334e-01
