0.000000000000000000e+00 9.166666666666666297e-01 8.000000000000000167e-02 0.000000000000000000e+00 2.539682539682539542e-01
1.000000000000000000e+00 5.833333333333333703e-01 8.000000000000000167e-02 0.000000000000000000e+00 2.222222222222222099e-01
0.000000000000000000e+00 9.166666666666666297e-01 8.000000000000000167e-02 1.000000000000000000e+00 7.301587301587301182e-01
0.000000000000000000e+00 1.666666666666666574e-01 4.000000000000000083e-02 1.000000000000000000e+00 4.761904761904761640e-01
1.000000000000000000e+00 2.500000000000000000e-01 4.000000000000000222e-01 1.000000000000000000e+00 8.253968253968253510e-01
1.000000000000000000e+00 9.166666666666666297e-01 8.000000000000000167e-02 0.000000000000000000e+00 2.698412698412698263e-01
1.000000000000000000e+00 3.333333333333333148e-01 1.600000000000000033e-01 1.000000000000000000e+00 2.539682539682539542e-01
1.000000000000000000e+00 3.750000000000000000e-01 8.000000000000000167e-02 1.000000000000000000e+00 3.809523809523809312e-01
0.000000000000000000e+00 8.750000000000000000e-01 8.000000000000000167e-02 0.000000000000000000e+00 8.730158730158730229e-01
1.000000000000000000e+00 5.833333333333333703e-01 8.000000000000000167e-02 0.000000000000000000e+00 2.698412698412698263e-01
1.000000000000000000e+00 3.750000000000000000e-01 8.399999999999999689e-01 1.000000000000000000e+00 9.523809523809523281e-02
1.000000000000000000e+00 5.000000000000000000e-01 0.000000000000000000e+00 1.000000000000000000e+00 4.285714285714285476e-01
1.000000000000000000e+00 7.083333333333333703e-01 8.000000000000000444e-01 1.000000000000000000e+00 4.126984126984126755e-01
1.000000000000000000e+00 2.083333333333333426e-01 6.400000000000000133e-01 1.000000000000000000e+00 5.714285714285713969e-01
1.000000000000000000e+00 2.083333333333333426e-01 6.400000000000000133e-01 1.000000000000000000e+00 6.190476190476190688e-01
1.000000000000000000e+00 2.083333333333333426e-01 6.400000000000000133e-01 1.000000000000000000e+00 6.349206349206348854e-01
1.000000000000000000e+00 2.500000000000000000e-01 4.000000000000000222e-01 1.000000000000000000e+00 1.111111111111111049e-01
1.000000000000000000e+00 8.750000000000000000e-01 8.000000000000000167e-02 1.000000000000000000e+00 6.825396825396825573e-01
1.000000000000000000e+00 5.000000000000000000e-01 8.000000000000000167e-02 0.000000000000000000e+00 1.111111111111111049e-01
1.000000000000000000e+00 2.500000000000000000e-01 9.599999999999999645e-01 1.000000000000000000e+00 6.190476190476190688e-01
1.000000000000000000e+00 1.000000000000000000e+00 2.399999999999999911e-01 1.000000000000000000e+00 3.809523809523809312e-01
1.000000000000000000e+00 1.000000000000000000e+00 2.399999999999999911e-01 1.000000000000000000e+00 3.174603174603174427e-01
1.000000000000000000e+00 4.166666666666666435e-02 3.200000000000000067e-01 1.000000000000000000e+00 4.444444444444444198e-01
1.000000000000000000e+00 0.000000000000000000e+00 5.600000000000000533e-01 0.000000000000000000e+00 3.015873015873015706e-01
1.000000000000000000e+00 5.833333333333333703e-01 4.799999999999999822e-01 1.000000000000000000e+00 5.396825396825396526e-01
1.000000000000000000e+00 2.500000000000000000e-01 4.000000000000000222e-01 1.000000000000000000e+00 1.587301587301587213e-01
1.000000000000000000e+00 2.916666666666666852e-01 8.000000000000000167e-02 1.000000000000000000e+00 3.333333333333333148e-01
1.000000000000000000e+00 5.416666666666666297e-01 5.600000000000000533e-01 1.000000000000000000e+00 5.555555555555555802e-01
1.000000000000000000e+00 8.333333333333333703e-01 4.000000000000000083e-02 1.000000000000000000e+00 6.190476190476190688e-01
1.000000000000000000e+00 8.750000000000000000e-01 8.000000000000000167e-02 1.000000000000000000e+00 3.968253968253968034e-01
1.000000000000000000e+00 4.166666666666666852e-01 0.000000000000000000e+00 1.000000000000000000e+00 7.619047619047618625e-01
1.000000000000000000e+00 7.083333333333333703e-01 1.600000000000000033e-01 1.000000000000000000e+00 2.539682539682539542e-01
1.000000000000000000e+00 5.000000000000000000e-01 0.000000000000000000e+00 1.000000000000000000e+00 4.444444444444444198e-01
0.000000000000000000e+00 5.000000000000000000e-01 8.000000000000000167e-02 0.000000000000000000e+00 1.587301587301587213e-01
1.000000000000000000e+00 1.666666666666666574e-01 4.000000000000000083e-02 1.000000000000000000e+00 5.396825396825396526e-01
1.000000000000000000e+00 6.250000000000000000e-01 2.800000000000000266e-01 1.000000000000000000e+00 5.238095238095238360e-01
1.000000000000000000e+00 1.250000000000000000e-01 5.999999999999999778e-01 1.000000000000000000e+00 2.857142857142856984e-01
1.000000000000000000e+00 1.666666666666666574e-01 4.000000000000000083e-02 1.000000000000000000e+00 7.142857142857143016e-01
1.000000000000000000e+00 5.416666666666666297e-01 5.600000000000000533e-01 1.000000000000000000e+00 5.555555555555555802e-01
0.000000000000000000e+00 9.166666666666666297e-01 8.000000000000000167e-02 0.000000000000000000e+00 2.539682539682539542e-01
1.000000000000000000e+00 5.833333333333333703e-01 8.000000000000000167e-02 0.000000000000000000e+00 2.222222222222222099e-01
0.000000000000000000e+00 9.166666666666666297e-01 8.000000000000000167e-02 1.000000000000000000e+00 7.301587301587301182e-01
0.000000000000000000e+00 1.666666666666666574e-01 4.000000000000000083e-02 1.000000000000000000e+00 4.761904761904761640e-01
1.000000000000000000e+00 2.500000000000000000e-01 4.000000000000000222e-01 1.000000000000000000e+00 8.253968253968253510e-01
1.000000000000000000e+00 9.166666666666666297e-01 8.000000000000000167e-02 0.000000000000000000e+00 2.698412698412698263e-01
1.000000000000000000e+00 3.333333333333333148e-01 1.600000000000000033e-01 1.000000000000000000e+00 2.539682539682539542e-01
1.000000000000000000e+00 3.750000000000000000e-01 8.000000000000000167e-02 1.000000000000000000e+00 3.809523809523809312e-01
0.000000000000000000e+00 8.750000000000000000e-01 8.000000000000000167e-02 1.000000000000000000e+00 8.730158730158730229e-01
1.000000000000000000e+00 5.833333333333333703e-01 8.000000000000000167e-02 0.000000000000000000e+00 2.698412698412698263e-01
1.000000000000000000e+00 3.750000000000000000e-01 8.399999999999999689e-01 1.000000000000000000e+00 9.523809523809523281e-02
1.000000000000000000e+00 5.000000000000000000e-01 0.000000000000000000e+00 1.000000000000000000e+00 4.285714285714285476e-01
1.000000000000000000e+00 7.083333333333333703e-01 8.000000000000000444e-01 1.000000000000000000e+00 4.126984126984126755e-01
1.000000000000000000e+00 2.083333333333333426e-01 6.400000000000000133e-01 1.000000000000000000e+00 5.714285714285713969e-01
1.000000000000000000e+00 2.083333333333333426e-01 6.400000000000000133e-01 1.000000000000000000e+00 6.190476190476190688e-01
1.000000000000000000e+00 2.083333333333333426e-01 6.400000000000000133e-01 1.000000000000000000e+00 6.349206349206348854e-01
1.000000000000000000e+00 2.500000000000000000e-01 4.000000000000000222e-01 1.000000000000000000e+00 1.111111111111111049e-01
1.000000000000000000e+00 8.750000000000000000e-01 8.000000000000000167e-02 1.000000000000000000e+00 6.825396825396825573e-01
1.000000000000000000e+00 5.000000000000000000e-01 8.000000000000000167e-02 0.000000000000000000e+00 1.111111111111111049e-01
1.000000000000000000e+00 2.500000000000000000e-01 9.599999999999999645e-01 1.000000000000000000e+00 6.190476190476190688e-01
1.000000000000000000e+00 1.000000000000000000e+00 2.399999999999999911e-01 1.000000000000000000e+00 3.809523809523809312e-01
1.000000000000000000e+00 1.000000000000000000e+00 2.399999999999999911e-01 1.000000000000000000e+00 3.174603174603174427e-01
1.000000000000000000e+00 4.166666666666666435e-02 3.200000000000000067e-01 1.000000000000000000e+00 4.444444444444444198e-01
1.000000000000000000e+00 0.000000000000000000e+00 5.600000000000000533e-01 0.000000000000000000e+00 3.015873015873015706e-01
1.000000000000000000e+00 5.833333333333333703e-01 4.799999999999999822e-01 1.000000000000000000e+00 5.396825396825396526e-01
1.000000000000000000e+00 2.500000000000000000e-01 4.000000000000000222e-01 1.000000000000000000e+00 1.587301587301587213e-01
1.000000000000000000e+00 2.916666666666666852e-01 8.000000000000000167e-02 1.000000000000000000e+00 3.333333333333333148e-01
1.000000000000000000e+00 5.416666666666666297e-01 5.600000000000000533e-01 1.000000000000000000e+00 5.555555555555555802e-01
1.000000000000000000e+00 8.333333333333333703e-01 4.000000000000000083e-02 1.000000000000000000e+00 6.190476190476190688e-01
1.000000000000000000e+00 8.750000000000000000e-01 8.000000000000000167e-02 1.000000000000000000e+00 3.968253968253968034e-01
1.000000000000000000e+00 4.166666666666666852e-01 0.000000000000000000e+00 1.000000000000000000e+00 7.619047619047618625e-01
1.000000000000000000e+00 7.083333333333333703e-01 1.600000000000000033e-01 1.000000000000000000e+00 2.539682539682539542e-01
1.000000000000000000e+00 5.000000000000000000e-01 0.000000000000000000e+00 1.000000000000000000e+00 4.444444444444444198e-01
0.000000000000000000e+00 5.000000000000000000e-01 8.000000000000000167e-02 0.000000000000000000e+00 1.587301587301587213e-01
1.000000000000000000e+00 1.666666666666666574e-01 4.000000000000000083e-02 1.000000000000000000e+00 5.396825396825396526e-01
1.000000000000000000e+00 6.250000000000000000e-01 2.800000000000000266e-01 1.000000000000000000e+00 5.238095238095238360e-01
1.000000000000000000e+00 1.250000000000000000e-01 5.999999999999999778e-01 1.000000000000000000e+00 2.857142857142856984e-01
1.000000000000000000e+00 1.666666666666666574e-01 4.000000000000000083e-02 1.000000000000000000e+00 7.142857142857143016e-01
1.000000000000000000e+00 5.416666666666666297e-01 5.600000000000000533e-01 1.000000000000000000e+00 5.555555555555555802e-01
0.000000000000000000e+00 9.166666666666666297e-01 8.000000000000000167e-02 0.000000000000000000e+00 3.492063492063491870e-01
0.000000000000000000e+00 5.000000000000000000e-01 8.000000000000000167e-02 0.000000000000000000e+00 2.222222222222222099e-01
1.000000000000000000e+00 6.250000000000000000e-01 7.199999999999999734e-01 1.000000000000000000e+00 1.269841269841269771e-01
1.000000000000000000e+00 3.333333333333333148e-01 4.000000000000000083e-02 1.000000000000000000e+00 5.714285714285713969e-01
1.000000000000000000e+00 5.000000000000000000e-01 8.000000000000000167e-02 0.000000000000000000e+00 1.269841269841269771e-01
1.000000000000000000e+00 7.083333333333333703e-01 8.000000000000000444e-01 1.000000000000000000e+00 2.539682539682539542e-01
0.000000000000000000e+00 8.750000000000000000e-01 8.000000000000000167e-02 1.000000000000000000e+00 6.666666666666666297e-01
1.000000000000000000e+00 2.500000000000000000e-01 4.000000000000000222e-01 0.000000000000000000e+00 2.698412698412698263e-01
1.000000000000000000e+00 9.166666666666666297e-01 8.000000000000000167e-02 0.000000000000000000e+00 2.698412698412698263e-01
0.000000000000000000e+00 9.166666666666666297e-01 8.000000000000000167e-02 0.000000000000000000e+00 2.698412698412698263e-01
0.000000000000000000e+00 9.166666666666666297e-01 8.000000000000000167e-02 1.000000000000000000e+00 5.555555555555555802e-01
1.000000000000000000e+00 5.416666666666666297e-01 8.399999999999999689e-01 1.000000000000000000e+00 2.222222222222222099e-01
0.000000000000000000e+00 6.666666666666666297e-01 6.400000000000000133e-01 1.000000000000000000e+00 2.539682539682539542e-01
1.000000000000000000e+00 3.333333333333333148e-01 1.600000000000000033e-01 1.000000000000000000e+00 3.333333333333333148e-01
1.000000000000000000e+00 7.083333333333333703e-01 9.599999999999999645e-01 1.000000000000000000e+00 3.492063492063491870e-01
0.000000000000000000e+00 6.666666666666666297e-01 6.400000000000000133e-01 1.000000000000000000e+00 4.444444444444444198e-01
1.000000000000000000e+00 0.000000000000000000e+00 5.600000000000000533e-01 1.000000000000000000e+00 4.444444444444444198e-01
1.000000000000000000e+00 0.000000000000000000e+00 2.800000000000000266e-01 1.000000000000000000e+00 2.380952380952380820e-01
0.000000000000000000e+00 4.166666666666666852e-01 5.999999999999999778e-01 1.000000000000000000e+00 3.015873015873015706e-01
0.000000000000000000e+00 8.750000000000000000e-01 4.799999999999999822e-01 1.000000000000000000e+00 3.809523809523809312e-01
1.000000000000000000e+00 3.333333333333333148e-01 4.000000000000000083e-02 1.000000000000000000e+00 1.746031746031745935e-01
1.000000000000000000e+00 5.000000000000000000e-01 0.000000000000000000e+00 1.000000000000000000e+00 2.698412698412698263e-01
0.000000000000000000e+00 2.083333333333333426e-01 6.400000000000000133e-01 1.000000000000000000e+00 5.079365079365079083e-01
1.000000000000000000e+00 9.166666666666666297e-01 8.000000000000000167e-02 0.000000000000000000e+00 2.698412698412698263e-01
0.000000000000000000e+00 9.166666666666666297e-01 8.000000000000000167e-02 0.000000000000000000e+00 2.698412698412698263e-01
1.000000000000000000e+00 2.083333333333333426e-01 6.400000000000000133e-01 1.000000000000000000e+00 5.396825396825396526e-01
0.000000000000000000e+00 8.750000000000000000e-01 8.000000000000000167e-02 1.000000000000000000e+00 1.904761904761904656e-01
1.000000000000000000e+00 7.916666666666666297e-01 4.000000000000000083e-02 1.000000000000000000e+00 3.492063492063491870e-01
1.000000000000000000e+00 9.166666666666666297e-01 8.000000000000000167e-02 1.000000000000000000e+00 1.111111111111111049e-01
1.000000000000000000e+00 7.916666666666666297e-01 4.000000000000000083e-02 1.000000000000000000e+00 1.746031746031745935e-01
0.000000000000000000e+00 9.166666666666666297e-01 8.000000000000000167e-02 1.000000000000000000e+00 5.555555555555555802e-01
1.000000000000000000e+00 5.000000000000000000e-01 0.000000000000000000e+00 1.000000000000000000e+00 4.126984126984126755e-01
1.000000000000000000e+00 3.750000000000000000e-01 8.000000000000000167e-02 1.000000000000000000e+00 2.539682539682539542e-01
1.000000000000000000e+00 2.500000000000000000e-01 4.000000000000000222e-01 1.000000000000000000e+00 4.285714285714285476e-01
0.000000000000000000e+00 5.416666666666666297e-01 5.600000000000000533e-01 1.000000000000000000e+00 4.603174603174602919e-01
1.000000000000000000e+00 2.916666666666666852e-01 8.000000000000000167e-02 1.000000000000000000e+00 3.809523809523809312e-01
1.000000000000000000e+00 4.583333333333333148e-01 2.399999999999999911e-01 1.000000000000000000e+00 4.920634920634920362e-01
1.000000000000000000e+00 2.916666666666666852e-01 2.399999999999999911e-01 1.000000000000000000e+00 3.174603174603174427e-01
1.000000000000000000e+00 5.833333333333333703e-01 0.000000000000000000e+00 1.000000000000000000e+00 1.000000000000000000e+00
1.000000000000000000e+00 9.166666666666666297e-01 8.000000000000000167e-02 1.000000000000000000e+00 1.428571428571428492e-01
1.000000000000000000e+00 4.166666666666666435e-02 3.200000000000000067e-01 1.000000000000000000e+00 4.126984126984126755e-01
1.000000000000000000e+00 5.833333333333333703e-01 0.000000000000000000e+00 1.000000000000000000e+00 2.539682539682539542e-01
1.000000000000000000e+00 7.916666666666666297e-01 4.000000000000000083e-02 1.000000000000000000e+00 0.000000000000000000e+00
1.000000000000000000e+00 5.000000000000000000e-01 5.200000000000000178e-01 1.000000000000000000e+00 2.222222222222222099e-01
1.000000000000000000e+00 3.333333333333333148e-01 2.000000000000000111e-01 1.000000000000000000e+00 6.349206349206348854e-02
0.000000000000000000e+00 3.750000000000000000e-01 8.000000000000000167e-02 1.000000000000000000e+00 2.857142857142856984e-01
1.000000000000000000e+00 5.416666666666666297e-01 5.600000000000000533e-01 1.000000000000000000e+00 5.238095238095238360e-01
0.000000000000000000e+00 5.000000000000000000e-01 0.000000000000000000e+00 1.000000000000000000e+00 8.095238095238095344e-01
0.000000000000000000e+00 2.916666666666666852e-01 8.000000000000000167e-02 1.000000000000000000e+00 4.126984126984126755e-01
1.000000000000000000e+00 7.916666666666666297e-01 4.000000000000000083e-02 1.000000000000000000e+00 6.666666666666666297e-01
1.000000000000000000e+00 8.750000000000000000e-01 0.000000000000000000e+00 1.000000000000000000e+00 1.269841269841269771e-01
1.000000000000000000e+00 7.083333333333333703e-01 4.400000000000000022e-01 1.000000000000000000e+00 2.063492063492063378e-01
1.000000000000000000e+00 7.916666666666666297e-01 5.600000000000000533e-01 1.000000000000000000e+00 2.380952380952380820e-01
0.000000000000000000e+00 6.666666666666666297e-01 6.800000000000000488e-01 1.000000000000000000e+00 6.507936507936508130e-01
1.000000000000000000e+00 5.416666666666666297e-01 8.800000000000000044e-01 1.000000000000000000e+00 2.222222222222222099e-01
1.000000000000000000e+00 9.583333333333333703e-01 1.000000000000000000e+00 1.000000000000000000e+00 2.857142857142856984e-01
1.000000000000000000e+00 3.333333333333333148e-01 9.200000000000000400e-01 1.000000000000000000e+00 2.698412698412698263e-01
1.000000000000000000e+00 4.583333333333333148e-01 2.800000000000000266e-01 1.000000000000000000e+00 3.333333333333333148e-01
1.000000000000000000e+00 3.333333333333333148e-01 2.000000000000000111e-01 1.000000000000000000e+00 3.174603174603174427e-02
1.000000000000000000e+00 8.750000000000000000e-01 0.000000000000000000e+00 1.000000000000000000e+00 6.190476190476190688e-01
1.000000000000000000e+00 2.500000000000000000e-01 4.000000000000000222e-01 1.000000000000000000e+00 4.285714285714285476e-01
1.000000000000000000e+00 3.750000000000000000e-01 8.000000000000000167e-02 1.000000000000000000e+00 2.539682539682539542e-01
1.000000000000000000e+00 9.166666666666666297e-01 8.000000000000000167e-02 1.000000000000000000e+00 1.269841269841269771e-01
1.000000000000000000e+00 6.666666666666666297e-01 6.800000000000000488e-01 1.000000000000000000e+00 4.126984126984126755e-01
1.000000000000000000e+00 6.250000000000000000e-01 7.600000000000000089e-01 1.000000000000000000e+00 1.904761904761904656e-01
1.000000000000000000e+00 8.333333333333332871e-02 4.000000000000000083e-02 1.000000000000000000e+00 5.396825396825396526e-01
1.000000000000000000e+00 7.500000000000000000e-01 1.199999999999999956e-01 1.000000000000000000e+00 1.111111111111111049e-01
1.000000000000000000e+00 9.166666666666666297e-01 8.000000000000000167e-02 1.000000000000000000e+00 3.333333333333333148e-01
1.000000000000000000e+00 8.333333333333332871e-02 4.000000000000000083e-02 1.000000000000000000e+00 3.650793650793650591e-01
1.000000000000000000e+00 3.750000000000000000e-01 8.000000000000000167e-02 1.000000000000000000e+00 1.428571428571428492e-01
0.000000000000000000e+00 7.083333333333333703e-01 2.399999999999999911e-01 1.000000000000000000e+00 7.142857142857143016e-01
1.000000000000000000e+00 8.750000000000000000e-01 0.000000000000000000e+00 1.000000000000000000e+00 7.619047619047618625e-01
1.000000000000000000e+00 4.166666666666666435e-02 3.599999999999999867e-01 1.000000000000000000e+00 3.809523809523809312e-01
