7.515875438816455034e-01 2.069369007432060314e-01 5.325380835998405615e-01 3.061456452171827380e-01 4.469382973468821740e-01 6.560963080360970867e-01 5.633040708160609311e-01 2.421971001631563203e-01 4.989015845558386619e-01 3.730749669433141569e-01 4.283851955191997352e-01 8.082426824835521328e-01 5.260536338785728461e-01
6.861025125082385046e-01 2.008187369555750612e-01 5.445033090567605871e-01 3.133839480770924668e-01 3.440835077578768830e-01 5.911251127751994128e-01 5.196686389842286591e-01 2.579433414332770735e-01 4.195819785054596962e-01 3.232595253920137468e-01 4.525621184488622939e-01 7.284213210773337055e-01 5.710947163690833772e-01
7.117776765635139835e-01 1.979811650078758256e-01 5.910202323354500908e-01 3.973848825397413020e-01 3.823760098413280795e-01 6.579134711160741222e-01 5.785060225188229932e-01 2.789821725971293187e-01 5.110673121285362885e-01 4.087610961710429480e-01 4.826691578013626027e-01 6.414660332185444513e-01 6.593581725645294433e-01
7.610781642779902434e-01 2.054944273682928757e-01 5.721151571584501827e-01 3.077360563179402098e-01 4.095964521655570123e-01 7.343906036018121863e-01 6.214969831565478886e-01 2.709978869457219108e-01 5.053121954061632337e-01 4.558960877888046381e-01 4.495223508768585452e-01 6.778491174016167964e-01 6.877569123114806171e-01
6.665434433501153944e-01 2.232190953858151916e-01 6.499191959263111995e-01 4.052866439990785441e-01 3.961079290045587120e-01 5.988541727516285551e-01 5.267681344697165979e-01 3.649093726367628188e-01 4.241161857946844083e-01 3.219222155744893010e-01 5.089526092564986559e-01 6.479979655502838831e-01 5.610138032333142899e-01
7.624255112617421837e-01 2.037106423340303285e-01 5.947068727196738180e-01 3.257094019323049650e-01 4.101289220802161739e-01 7.093935428733199045e-01 6.154147423430491592e-01 3.170583501089153655e-01 4.975188979402527245e-01 4.597671567053142616e-01 4.908197435192628300e-01 6.229576417620229511e-01 7.387032049061058592e-01
7.309807590919695786e-01 2.016568045717275215e-01 5.544011857615105399e-01 3.230769089927186810e-01 3.728049708044399169e-01 6.223670958742050230e-01 5.441280043829341828e-01 2.642647040418111271e-01 4.635617516241521407e-01 3.637187080870027955e-01 4.589371938913601179e-01 7.305674241193068630e-01 5.891944347188599052e-01
7.112588433744877481e-01 2.129621748046824359e-01 5.876644733013275390e-01 3.392962653024276798e-01 3.787674106778982086e-01 6.067864209472739745e-01 5.302549673299371547e-01 2.927800040375792556e-01 4.316268277997944436e-01 3.455442721972761255e-01 4.717293784655990918e-01 7.146994140034971243e-01 5.949629687653660293e-01
7.331214224686846137e-01 2.028013870114785677e-01 5.589775420207234724e-01 3.285777595322627587e-01 3.756225262237105622e-01 6.290840529023562500e-01 5.521122195287843093e-01 2.710899198263057031e-01 4.712626415775642563e-01 3.765493418287116922e-01 4.660643717038400746e-01 7.063222160006809025e-01 6.056232432073453964e-01
7.395308198683011591e-01 1.859247277641720708e-01 5.156724218099830725e-01 3.033057285338333631e-01 3.850058055604281826e-01 6.674214776219993261e-01 5.754259236408436617e-01 2.225731008527976063e-01 4.850123786339566312e-01 4.024892819365135654e-01 4.220239325817882747e-01 7.811384568461676725e-01 5.463103716955526323e-01
7.415596077561770194e-01 2.040832207378059371e-01 5.992567447888200727e-01 3.566092749476701962e-01 3.842111452401656413e-01 6.670960294708996319e-01 5.975598452538094518e-01 2.852249474106531846e-01 5.196769442820586837e-01 4.434631422572091752e-01 5.059682196384766018e-01 6.272352504703444520e-01 7.336834481520081441e-01
6.979375305536544838e-01 1.963780849114642180e-01 5.763562281795323594e-01 3.367529935635550364e-01 3.386022821676147876e-01 5.705319342042866060e-01 5.136802938564402066e-01 2.969815179942843497e-01 4.210348061509195938e-01 3.377575135591944777e-01 5.003674656050506320e-01 6.391839399812708766e-01 6.339357849097573272e-01
6.990988856518494110e-01 1.970495027863248538e-01 5.787167866379254733e-01 3.381392476130901659e-01 3.412510016882468467e-01 5.755115579669203285e-01 5.172254681598931203e-01 2.965043249404395453e-01 4.245520011953934914e-01 3.419865330271167903e-01 4.995034585077016143e-01 6.414703915884757413e-01 6.357920228169178234e-01
7.707599559504734188e-01 2.078240060591665384e-01 5.716181813582360549e-01 3.124082380540900150e-01 3.826287867825316491e-01 6.715391661730948369e-01 5.910537065947939483e-01 3.121155257740954037e-01 5.134753863435908006e-01 4.245545662134574405e-01 4.902178203134336387e-01 6.512435730333497874e-01 6.741579450284443942e-01
7.779581816376825998e-01 2.050341334168177543e-01 5.654650857164100763e-01 2.968058356842429579e-01 3.790407963502018251e-01 7.030273705720900823e-01 6.175091249891851986e-01 2.930879126487404562e-01 5.397460578532436992e-01 4.545776087523726305e-01 4.921816414358411995e-01 6.448843349300106276e-01 7.275026523947886181e-01
7.087286033447049993e-01 2.080038243883658711e-01 6.482154973334369741e-01 3.715781934808978226e-01 4.062744175266150282e-01 6.375522687605679195e-01 5.611767016296208554e-01 3.461067230025534069e-01 4.320926053555276813e-01 4.066292237992630287e-01 5.199734987842480338e-01 6.046852855883442235e-01 6.848279415641761458e-01
7.340179345717557924e-01 2.104792068454735265e-01 6.541755019941114524e-01 4.000225951799105673e-01 4.293275281139041777e-01 6.461789226255796326e-01 5.712410167020741669e-01 3.595246090202258715e-01 4.588650917099665882e-01 4.113884310110622056e-01 5.142502355733811203e-01 5.932823124822679262e-01 6.813941071628355495e-01
7.123817670906551491e-01 2.102932770225013070e-01 6.560901478284666410e-01 3.913596887045454054e-01 4.197202750643634350e-01 6.383547271529599332e-01 5.619447149286235232e-01 3.709629362905925154e-01 4.386819384232669150e-01 3.936897146916047974e-01 5.175637622646976910e-01 6.008024955877944162e-01 6.586062295090662211e-01
7.617514938440810290e-01 2.037154565435413955e-01 5.945801818021199114e-01 3.263379041790799295e-01 4.096874723808192065e-01 7.083002834231592049e-01 6.147780910916312846e-01 3.164032583576868451e-01 4.975278840090029409e-01 4.591264342197848292e-01 4.906655406954175680e-01 6.235748830595950754e-01 7.371234733145684004e-01
7.316612726708532355e-01 2.894516220033765963e-01 5.370745307815393277e-01 3.097958143448850676e-01 4.204345947364345193e-01 6.456992587458005861e-01 5.510163414099239487e-01 2.322877283033646656e-01 4.668267383927362513e-01 3.489063158872852122e-01 4.087989387193285973e-01 7.815730523691390985e-01 5.012495900006619376e-01
7.482410779418915414e-01 2.169697409838055036e-01 5.225868575912425706e-01 3.056647704779795194e-01 4.559383465220099296e-01 6.685055371245434142e-01 5.690479404725260482e-01 2.363420721881512865e-01 4.997935219864693135e-01 3.730249770081827676e-01 4.253460353588671139e-01 8.057858824743564519e-01 4.938316062071523849e-01
6.008800521740340628e-01 3.541474972698347434e-01 5.502174059053593913e-01 3.940982740012673458e-01 3.449464302289213524e-01 5.727170862116980343e-01 4.959462933455811018e-01 2.924757888630802327e-01 4.230550773226835481e-01 2.682138399199944789e-01 4.231768324129436265e-01 7.285375936283451370e-01 4.154456051740929579e-01
7.044530309897568676e-01 2.027969986500343935e-01 5.545637142099937300e-01 3.326684545201116228e-01 3.626721722640744994e-01 6.052282711009270288e-01 5.290787807805267251e-01 2.589633526150927900e-01 4.454433458573728855e-01 3.284597773098548723e-01 4.560152280496480026e-01 7.831757031381130219e-01 5.499028704936593792e-01
6.583189875524686485e-01 2.036649202384982760e-01 5.752274064913038831e-01 3.524089963442392226e-01 3.398604139827353654e-01 5.745108265606365672e-01 5.074267017376070665e-01 2.871673895981830538e-01 4.128303681140360060e-01 3.041733752057248497e-01 4.779026459086672118e-01 7.208490502797134658e-01 5.537629421903670357e-01
6.615508656017482503e-01 2.070772092855671931e-01 5.795695593930471068e-01 3.571966879439454345e-01 3.446338484392744150e-01 5.787838603257490222e-01 5.103624548324883214e-01 2.899555972426414163e-01 4.173931957589578357e-01 3.060136496601149614e-01 4.775431411694811557e-01 7.271976203473468070e-01 5.487522451145927516e-01
6.664425849371632404e-01 2.233551894827642825e-01 6.485023317973125367e-01 4.037084644612347617e-01 3.949366698608450799e-01 5.982224420826994793e-01 5.263845498457042638e-01 3.637203696284898591e-01 4.236628952229025691e-01 3.216563041439937654e-01 5.083329877211585357e-01 6.483873521313502364e-01 5.607761405168409929e-01
6.733026592355026985e-01 2.037681704359460555e-01 5.964635050392406157e-01 3.257043285813836508e-01 3.390776291489601135e-01 5.890519717515543263e-01 5.155513156421545062e-01 2.964576814885971912e-01 3.969381982725031510e-01 3.209231565579288570e-01 4.664247206495545361e-01 7.018644848971494765e-01 6.059558116053676002e-01
6.462078684904173365e-01 1.967193373566835934e-01 5.604500288522260565e-01 3.392241313812304204e-01 3.287053047983056753e-01 5.480277705697768065e-01 4.913252209066260590e-01 3.000339714564242422e-01 3.865237535897066978e-01 2.965148396730628022e-01 4.939228671705123697e-01 6.361979707515195148e-01 5.882300236325487264e-01
6.817267132518806116e-01 2.111266378940013233e-01 6.282411504805803792e-01 3.738588143317700951e-01 3.835682761450500688e-01 6.006009414836219751e-01 5.307014727666468090e-01 3.429988566829980656e-01 4.212788133164604432e-01 3.402339945991885717e-01 5.036016294412785088e-01 6.427848862335699964e-01 5.986721952055207296e-01
7.201005260509094619e-01 1.983786306920067577e-01 5.389176965267820085e-01 3.208852556399694467e-01 3.580154556295145896e-01 6.078768854992914195e-01 5.286138885013978994e-01 2.533695067079707042e-01 4.567411069064886142e-01 3.405195370573969593e-01 4.530938965840098920e-01 7.682251598576813612e-01 5.605202012222237906e-01
7.186095892787930373e-01 2.000678857243638475e-01 6.330091403349039636e-01 4.114105633853637478e-01 3.907065477789096186e-01 6.465195601677586890e-01 5.749892098121817119e-01 3.160715365501225449e-01 4.925508257412948288e-01 4.076309472226311570e-01 5.144798821671222600e-01 6.100644858165101825e-01 6.779112725116088756e-01
7.309068577658189847e-01 2.004380332602357373e-01 6.001923801564177374e-01 3.678810456383628802e-01 3.920268880193243377e-01 6.624576098687047221e-01 5.911066970586057456e-01 2.858412249786954629e-01 4.970534131761232266e-01 4.408785303301295255e-01 5.019774350453154454e-01 6.183460524711661410e-01 7.296853956079559778e-01
6.795152536789444975e-01 2.010779674045314880e-01 5.968123867828896145e-01 3.496171133376696494e-01 3.530512179561849928e-01 5.649500656744529392e-01 5.090948494901794685e-01 3.539097525601117011e-01 4.111896776990842106e-01 3.091207288790480678e-01 5.160537067709899395e-01 6.155702029440156542e-01 5.898758376870150144e-01
7.089980592495473966e-01 2.110464956253406410e-01 6.555982871929851852e-01 3.902266258505874275e-01 4.171128778455212016e-01 6.350455699998340808e-01 5.584863361009526628e-01 3.699634469395397529e-01 4.362911786406656889e-01 3.875119788000048748e-01 5.165046904381834780e-01 6.053896131289904226e-01 6.520656904371086027e-01
6.554689404824258769e-01 2.007459977648115290e-01 6.079030507368677894e-01 3.532796358118391322e-01 3.555236373137196648e-01 5.601248213924981956e-01 5.021539940734547347e-01 3.246583203271136142e-01 3.884361765115325604e-01 3.074596706164345883e-01 5.036941867206261580e-01 6.264154589820257746e-01 5.920726687540452948e-01
6.852772066761789738e-01 2.024269264083026487e-01 5.605533144312735416e-01 3.580036986062361537e-01 3.564404262958661418e-01 6.019323327321688399e-01 5.280771292392399952e-01 2.649288757941422046e-01 4.462141845421572217e-01 3.272083960123893243e-01 4.604980312655746477e-01 7.620477085701111708e-01 5.382112992247207739e-01
6.490403351030850088e-01 2.050322657234767976e-01 6.321877850030354073e-01 3.602906952938545460e-01 3.693201125639936078e-01 5.724049875135373000e-01 5.098894919928964597e-01 3.448381979580757983e-01 3.903783591293762956e-01 3.101822847211192502e-01 5.071278374175527404e-01 6.258586844422550088e-01 5.718901222345875723e-01
6.495527127267500811e-01 1.981532065121442143e-01 5.927085597173902265e-01 3.497961850023166286e-01 3.441523480350556774e-01 5.553100486542902336e-01 4.983176215815079413e-01 3.183255575548962213e-01 3.884804056449103205e-01 3.040669917720194571e-01 5.026037819339038704e-01 6.235181857548626194e-01 5.908370849921550372e-01
6.481651751606383183e-01 1.978375026760641475e-01 5.560698935318175717e-01 3.381116083974964881e-01 3.267225094814025788e-01 5.483931109389482694e-01 4.914367938887491127e-01 2.960656766836281539e-01 3.875964658238634786e-01 2.975758033484353637e-01 4.918665484424937784e-01 6.381493978336241213e-01 5.922088413545795182e-01
7.327188762223447727e-01 2.962219588285526228e-01 5.380402224178532089e-01 3.074462891534719411e-01 4.225984582596499228e-01 6.459976794040593884e-01 5.508462249228062158e-01 2.305284263748721696e-01 4.659493541780921344e-01 3.474475200069320757e-01 4.072032530869668099e-01 7.830180076828086033e-01 4.986024229061895019e-01
7.262211347685050278e-01 1.980845748976962639e-01 5.213696573223460806e-01 3.171978022677574560e-01 4.383774053143418836e-01 6.857113139639641197e-01 5.808691674497623580e-01 2.673857991214630969e-01 5.166732606592614463e-01 3.952343142098737050e-01 4.175101805334471283e-01 7.658325879277674275e-01 5.078923580277918681e-01
6.787463884702639172e-01 2.602974936888799995e-01 5.524209648978344323e-01 3.425951862693333294e-01 3.639929126037041440e-01 5.936326543126128064e-01 5.185604043608575964e-01 2.697916436519798844e-01 4.286597956226086970e-01 3.176858055042960927e-01 4.444981692207417567e-01 7.237455284286071766e-01 5.300935304832622430e-01
7.364957866957413390e-01 2.047510046765885494e-01 5.372733317196050074e-01 2.997482563224957430e-01 3.939292023525289843e-01 6.753626029296168065e-01 5.777218596310303989e-01 2.206144247133776937e-01 4.734463371359963757e-01 3.819115961307449347e-01 4.103257795871516067e-01 7.795433706464075518e-01 5.524346335218440762e-01
6.024232234315654022e-01 3.511463401060581635e-01 5.513573820294344063e-01 3.934015913862860536e-01 3.451554211768898539e-01 5.728983106388176871e-01 4.964080924376499393e-01 2.922930146291860543e-01 4.229870027161799495e-01 2.692545962525108583e-01 4.246264359046803549e-01 7.285500302815663964e-01 4.190111388170031370e-01
7.067507026226899081e-01 2.068371506147418104e-01 5.190486402156200274e-01 3.200762091545369392e-01 3.996830172431857786e-01 6.532227367034246779e-01 5.580725632551448712e-01 2.429233039465715782e-01 4.783538967747040793e-01 3.640823235430153404e-01 4.159110384137650329e-01 7.701462770457424556e-01 5.203837554386355757e-01
7.092543289230796022e-01 2.688004104015619955e-01 5.523851857838758539e-01 3.307290130118435978e-01 3.894484248822149830e-01 6.177435725269004863e-01 5.346343269029372181e-01 2.569845450277667975e-01 4.466393316342357478e-01 3.359720175942793596e-01 4.320872579076577291e-01 7.503647105878128443e-01 5.288350126623982961e-01
7.579012410225054452e-01 2.695960582053590349e-01 5.344144137748042533e-01 3.014780722424081350e-01 4.057778470273858407e-01 6.461348000504397726e-01 5.554873180658682630e-01 2.367992557339229642e-01 4.763752648772889842e-01 3.617700092914059584e-01 4.177499531874266925e-01 7.710112646425094640e-01 5.342746013077972478e-01
7.451890485900406480e-01 1.982805961853430776e-01 5.072709987547627808e-01 3.063440059177270913e-01 3.993538164169244120e-01 6.844670874291453044e-01 5.847017806581367161e-01 2.236948605486244190e-01 4.994657269241259412e-01 4.005387059757373747e-01 4.083166047779283603e-01 7.561307456745209876e-01 5.385713373522105218e-01
7.278671919711325877e-01 2.043851598841414652e-01 6.002190232471148468e-01 3.815524535704904463e-01 3.868819657490467079e-01 6.385262254079611122e-01 5.656466873398027229e-01 3.085935588592206291e-01 4.912907137015499748e-01 4.000479006983256869e-01 4.928615067033021990e-01 6.313137539624894545e-01 6.428359343262439740e-01
7.490413261332401484e-01 2.013119986159322139e-01 5.772207833647249320e-01 3.438849233249298143e-01 4.065001944444425752e-01 6.824592874578103707e-01 6.138414825363878169e-01 3.136656538249467663e-01 4.951307825326967116e-01 4.819166082825270259e-01 4.921554320612998579e-01 6.395529032695097538e-01 7.025987776343414204e-01
7.357713361711880617e-01 1.977026298055020448e-01 5.583735260773788900e-01 3.406517906690535447e-01 3.780314486635767968e-01 6.554099018045236313e-01 5.783038278049416059e-01 2.595624577183768267e-01 5.083040480886817924e-01 4.133097653232717938e-01 4.688151237210335109e-01 6.775760577962608444e-01 6.417634162029098865e-01
7.187995692764066469e-01 1.987299572367206280e-01 5.898863133740297471e-01 3.592726919234768834e-01 3.621917793365276306e-01 6.169069065037987576e-01 5.512237032612133936e-01 2.801203879369598138e-01 4.768948130286079223e-01 3.820370090016840248e-01 4.951794703634895267e-01 6.665142460081440179e-01 6.473942456591592620e-01
7.622685639423684156e-01 2.053636471828249044e-01 5.711974909377811604e-01 3.085494637946879504e-01 4.102393798175794082e-01 7.351702605956234038e-01 6.221135259927613737e-01 2.688635850922678761e-01 5.076721985479200061e-01 4.564660731944415462e-01 4.501028536482689635e-01 6.782619540423756588e-01 6.901158931643200933e-01
7.189332694574993576e-01 2.100207846539956513e-01 6.541549043510767047e-01 3.843476067359570258e-01 4.201337790278636963e-01 6.451960036402633047e-01 5.663406743576164803e-01 3.629356782426530481e-01 4.408895049584964920e-01 4.074428224627805184e-01 5.182432440465422063e-01 6.009660789656927626e-01 6.800296624163205683e-01
7.244473134118476487e-01 2.064228042465056645e-01 5.226831091617676339e-01 3.156944287973263985e-01 4.255209598366332946e-01 6.393172668614264254e-01 5.539361751492956065e-01 2.260516188898176182e-01 4.633869911905390548e-01 3.683919224680683446e-01 4.141957678915403340e-01 7.693331662988488473e-01 5.326294650148650778e-01
7.224025237798312737e-01 1.993848731154171106e-01 5.835452836969018398e-01 3.737076018263644217e-01 3.921785573475062847e-01 6.579322316507199009e-01 5.761304457722533634e-01 2.741724070038575878e-01 5.028269564033682748e-01 4.081860991777317982e-01 4.728608874233091175e-01 6.596586182807322452e-01 6.406847745022030693e-01
7.730319545457239316e-01 1.954690770636287045e-01 5.185923254525756088e-01 3.067885601854662969e-01 4.529079548690629897e-01 7.042213446107404851e-01 5.753038359633038112e-01 2.431802892363366664e-01 5.069883895482667491e-01 4.092485202419167134e-01 4.083242816471956416e-01 7.581384804324953208e-01 5.274759799390817960e-01
6.927615251784260408e-01 2.100188713962499454e-01 6.447832809542032306e-01 3.653638302780611857e-01 3.918151855873672762e-01 6.467588765418221808e-01 5.697661942845595462e-01 3.364004486389809423e-01 4.375748176785767551e-01 4.026308091271528222e-01 5.051258776215761248e-01 6.028991283903464282e-01 6.805543275085010890e-01
7.511073804337925486e-01 2.008950227278877287e-01 5.757783450777511636e-01 3.244779331010427814e-01 4.072983985214428393e-01 7.183489900435610087e-01 6.147100713864392940e-01 2.654769133670993320e-01 5.038471308754234324e-01 4.486517724728940615e-01 4.514464897414048883e-01 6.682773509613774143e-01 6.801175103236697383e-01
3.645497979806732181e-01 1.300612348601177803e-01 2.874117856845259666e-01 3.326011896133422852e-01 2.067217291214942521e-01 3.744707516201868369e-01 2.766658696562114272e-01 3.501419770500605599e-01 2.524653218527932452e-01 1.351938198444531947e-01 4.939382911593052095e-01 4.934630048403264024e-01 1.669563207584287834e-01
4.331825550302472183e-01 2.484543269631909190e-01 5.254309203705741504e-01 4.452705965577667402e-01 2.900899758780091653e-01 3.094625796868810674e-01 1.742027067460334699e-01 7.236272659205461588e-01 1.825309546838980168e-01 2.640908758232287656e-01 4.053237490967386281e-01 2.842139295265445065e-01 2.262433150035200180e-01
4.361663700499586738e-01 2.560258208366346655e-01 5.249054131803431167e-01 4.479589420948334455e-01 2.886726723024722885e-01 3.065655893559873224e-01 1.723222362817233289e-01 7.189572278136593386e-01 1.849912174643448537e-01 2.698825880596668059e-01 3.983017281956622302e-01 2.833243171934332061e-01 2.263858297725338253e-01
3.993928693627056825e-01 1.514112587701603174e-01 3.811490314767974064e-01 4.203182841535926806e-01 2.172739038081920593e-01 4.090001720886934922e-01 3.668149212907748091e-01 3.367190784324434749e-01 3.312009301547795825e-01 1.694332127452989611e-01 5.162112753747439831e-01 6.159919378323814865e-01 1.961121545458868742e-01
3.893773678261295279e-01 1.662227166218410712e-01 4.507593917227749047e-01 4.264334129616942914e-01 2.382126425160569494e-01 5.757691436222401871e-01 4.744177664662534433e-01 2.865600109227739445e-01 4.149241862415185556e-01 2.011966371003187648e-01 4.675419149012683961e-01 6.567283142443350874e-01 2.313842887401623138e-01
2.936885788956716259e-01 1.797271267547301543e-01 5.168149866964317773e-01 5.491884847065990893e-01 2.014756378333043552e-01 3.186405364297538734e-01 2.929197718763997815e-01 5.652703067423986427e-01 3.306977253815611695e-01 1.346342013453518116e-01 5.235000316004412291e-01 4.946802677637845980e-01 1.612471187898974478e-01
3.732063280455276688e-01 1.693209078949359236e-01 4.456068142541350641e-01 4.504036802754105007e-01 2.281960110767218275e-01 4.465496131905418720e-01 3.924000342067071601e-01 3.575521899664000913e-01 3.664244274191605921e-01 1.604226455501671089e-01 4.895468428399701866e-01 6.375929612168298455e-01 2.026561193746752587e-01
3.928721690979344316e-01 1.632408593599997404e-01 4.447926165832375434e-01 4.217215042882935250e-01 2.374887719116763329e-01 5.785007371240022955e-01 4.767259958606382408e-01 2.841252305491098196e-01 4.159426032235017390e-01 2.046248732063578601e-01 4.722031255373807523e-01 6.544561113980255085e-01 2.308927635865195560e-01
3.534720379663139900e-01 1.566470664421560355e-01 3.771390446566323384e-01 4.580676992743075715e-01 1.866159367010645220e-01 4.112335821228294552e-01 3.634952038628704862e-01 3.421098811305918752e-01 3.291587229136507253e-01 1.614794269165996110e-01 4.857947372952552412e-01 6.765191478743439735e-01 1.598117277743600351e-01
4.361337139614318570e-01 2.493657006012697241e-01 5.257968425762871156e-01 4.441511856383625334e-01 2.914658979786073911e-01 3.105439362818663840e-01 1.734860176588018110e-01 7.237091122301106960e-01 1.809334464445387092e-01 2.655755010079481337e-01 4.039460543994565223e-01 2.827705339039931487e-01 2.278567721222602982e-01
3.352356163349839435e-01 1.126240978957054467e-01 2.937929237916327985e-01 3.470855455229914233e-01 7.854355203605297708e-01 3.664341913070530143e-01 2.805073829947377639e-01 1.750762292166363754e-01 6.657267448367761853e-01 1.384615273564464011e-01 5.959663351683507360e-01 5.916893627241274212e-01 3.300891110623144220e-01
3.909017182079925212e-01 2.999973470407718557e-01 5.150729638821344158e-01 5.303746562405518006e-01 2.390813302026008613e-01 2.455355484648768516e-01 2.123194059449393101e-01 5.633236881156609144e-01 2.843474683690410676e-01 2.533212519102211457e-01 3.620668370543593251e-01 3.648318260850132444e-01 1.922397008751945413e-01
3.950075562969829202e-01 1.812104323939622841e-01 4.511414389487076182e-01 4.486637235483810215e-01 2.370373215728803773e-01 5.064154804844795965e-01 4.310152522712662471e-01 3.284986255666293431e-01 3.838893479788059726e-01 1.789758081620228258e-01 4.687031617147254803e-01 6.572178031738776793e-01 2.195980426438631783e-01
3.559660103368132988e-01 1.743937904777174697e-01 4.224925843231819300e-01 5.059412157105417363e-01 1.984630439470967400e-01 3.941252783326238962e-01 3.543694861751945369e-01 3.929042045712330400e-01 3.342726578413030003e-01 1.356546779666985836e-01 4.555753098196932971e-01 6.446281358592839128e-01 1.542306823035524133e-01
6.582873298541497276e-01 2.129516708111278134e-01 6.452359269139043008e-01 4.924627020955085754e-01 4.421120220795273781e-01 6.403823883272706796e-01 5.397120349936821437e-01 3.159230082155257691e-01 4.591252993416241046e-01 3.193100010372266206e-01 5.233342428615969100e-01 6.827495808511863107e-01 5.623516548636200429e-01
3.911745159856910847e-01 1.650150464905057734e-01 4.495837438794320073e-01 4.243710095791348724e-01 2.384134665582045565e-01 5.794266931459725045e-01 4.771446300117163086e-01 2.848283451603492722e-01 4.166033509611242192e-01 2.036104345814969963e-01 4.681874279262180361e-01 6.560872405924792483e-01 2.329361404743332531e-01
3.234636895782867505e-01 1.769654890601914665e-01 4.328391832935261641e-01 4.886107650363744059e-01 1.996609833200320705e-01 3.778240781919710023e-01 3.385860510111515231e-01 4.387993945603979595e-01 3.465506082651504949e-01 1.384428315731392745e-01 4.788205874061620682e-01 5.888946262612979599e-01 1.485974767971640076e-01
3.883469195938422658e-01 1.467874167862499302e-01 3.602576265759008800e-01 4.118748402088573957e-01 2.072773538732334275e-01 4.085775598305566580e-01 3.662442237046401039e-01 3.307124308117155298e-01 3.343674421416190090e-01 1.694001775877009286e-01 5.198577931983684453e-01 6.129533409758474161e-01 1.765744841713046409e-01
3.096271919270390249e-01 2.220583243567954002e-01 4.993819056357690078e-01 5.293853353593767075e-01 2.022983141891334102e-01 2.886539162329301855e-01 2.748324351860721437e-01 5.727997321573982115e-01 3.261727480032725612e-01 1.510046225266829800e-01 4.575303975583576710e-01 4.802763595283304210e-01 1.615436067879010562e-01
3.684000848565791020e-01 1.619116439255830486e-01 4.180846066440748743e-01 4.354498718346748176e-01 2.551214254015813365e-01 4.280125011168098847e-01 3.755605617215864722e-01 3.562880292584797992e-01 3.767718216374938978e-01 1.552725954669342545e-01 4.977411068270809480e-01 6.181070109651911615e-01 1.901757088343688507e-01
3.449376146118370290e-01 3.090882042332070423e-01 4.834197458954404558e-01 5.316056041329014770e-01 2.259282257392719040e-01 4.531394391569534275e-01 3.849130227414199190e-01 4.404169950194388727e-01 3.633587348057480404e-01 1.335366682356871615e-01 3.923050683984704579e-01 6.315103758633094921e-01 1.442817238860403806e-01
3.390933198462192655e-01 1.638837419174199450e-01 3.798775689795931831e-01 4.334283166459387826e-01 2.079798843099168737e-01 4.458040222397138264e-01 3.791659362039445647e-01 3.280539981722128129e-01 3.520505437976313434e-01 1.437889182345731820e-01 5.066251151899738847e-01 6.511796744260596181e-01 1.370284818112850189e-01
3.830916081016003671e-01 1.699384782995233822e-01 4.185639368992717935e-01 4.370471371323370602e-01 2.164651557452642594e-01 4.355378017018164405e-01 3.887415807929974210e-01 3.326411313148883164e-01 3.566441963271059223e-01 1.657509133760076692e-01 4.966665796132955224e-01 6.580857488688340862e-01 2.095969601052038445e-01
2.788355093293113929e-01 1.580186458288419526e-01 5.273248608206039245e-01 5.864164003695496730e-01 1.747150975089702407e-01 3.524435101061609288e-01 3.054041695230412246e-01 5.374179428958395510e-01 3.374809576674035472e-01 1.152083412750561364e-01 5.412178163457382896e-01 5.504202358647474203e-01 1.684849711595293731e-01
5.464807867797439878e-01 5.598385995125082504e-01 5.723936718136549695e-01 5.639852106033527157e-01 2.651103341385074308e-01 2.482147118301484268e-01 8.814669373732075819e-02 7.500726762315573781e-01 2.079810669075710106e-01 3.743420503906422225e-01 2.526925277964370831e-01 2.375526058934491758e-01 2.255859028975799596e-01
3.154876131515362836e-01 1.901542949260179305e-01 4.657220922405508334e-01 4.804539469421179043e-01 2.238194474788463562e-01 4.934967745167749831e-01 4.183989674921779756e-01 3.574075571103196847e-01 3.959705368571618811e-01 1.429679271805629481e-01 4.077811112686068329e-01 6.648072333579039261e-01 1.553145816338583340e-01
3.825157789023299615e-01 1.369134056945092159e-01 3.985006195657394557e-01 4.228144843016088950e-01 2.347443557303884876e-01 4.179597186695399591e-01 3.658707659251452804e-01 3.312995600215387082e-01 3.450733658032086315e-01 1.476701939726445256e-01 5.248638171611762493e-01 6.472745391611870458e-01 1.598602913787718627e-01
2.933539594312224441e-01 1.764155007961386856e-01 5.152031435604913501e-01 5.563525944040877969e-01 1.974458568254941204e-01 3.197927056843864468e-01 2.954329700856483942e-01 5.612318922995088721e-01 3.355359154902487484e-01 1.306949366180467920e-01 5.269194451554459757e-01 4.983723645180381245e-01 1.608713438079721336e-01
2.795811517522550083e-01 1.599397312694800788e-01 5.258437194922169766e-01 5.870693315278707747e-01 1.754404527246547218e-01 3.523962932774056256e-01 3.063804675137991596e-01 5.358455844743129637e-01 3.370305386271424952e-01 1.157040421919715983e-01 5.343681543533562728e-01 5.560603748120865886e-01 1.675867609637641531e-01
2.690882441734799846e-01 2.130074331374920416e-01 5.378466012394603757e-01 5.664284538583274076e-01 1.759223225121588907e-01 3.132650873977048667e-01 2.865533833369859895e-01 6.036917683053409922e-01 3.259327157388797191e-01 1.351560957844245014e-01 4.666993319155360864e-01 5.182963392659748481e-01 1.859580783356783451e-01
2.979845257727185559e-01 1.760309434483442736e-01 4.810782736808528748e-01 5.449046859176850388e-01 1.885900352499447763e-01 3.773038770952051868e-01 3.326121724914574695e-01 4.924328442386193272e-01 3.463979288840867143e-01 1.228810949763601001e-01 4.808815354913165141e-01 5.823473745652972822e-01 1.478147628914042444e-01
2.920256608999090564e-01 1.857665816667994352e-01 5.108904221274436219e-01 5.283372681011859751e-01 1.804587530053180233e-01 2.554067753769200810e-01 2.700171794050730822e-01 6.319880599402031285e-01 3.374290396503469847e-01 1.386422442062519300e-01 4.802069091351658381e-01 4.445948446572045021e-01 1.577592980709144888e-01
2.954493358339135289e-01 1.892461916026861868e-01 5.268985462340122217e-01 5.616581220102986327e-01 1.830320360807135005e-01 2.631138066279476995e-01 2.631877977243832767e-01 6.255083259476242885e-01 3.455044788511158482e-01 1.535150390881218629e-01 4.663896574106397575e-01 4.955442527790072660e-01 1.527349500453229758e-01
3.307135122877202238e-01 2.182965044971194868e-01 5.195908190603233390e-01 5.512023146081831415e-01 1.877392170553439654e-01 2.593910322075002606e-01 2.580209825298933612e-01 6.446787863179056499e-01 3.299183256587026047e-01 1.660303433509956461e-01 4.346019603402876408e-01 4.551483192668729916e-01 1.657324558662512382e-01
3.235537537814753839e-01 1.962662439226456335e-01 4.092127609460112225e-01 4.681186774630368697e-01 2.158008050983366843e-01 4.565993743274233685e-01 3.859107419416182294e-01 3.553542852190867407e-01 3.551043999926348782e-01 1.329700323107808058e-01 4.488655795353631017e-01 6.618629764669979876e-01 1.460128290302714071e-01
3.391254372968288688e-01 1.807128398236542699e-01 4.110446239287665060e-01 4.470342007350445734e-01 2.140287274805419138e-01 4.870546616742323920e-01 4.062642194920136340e-01 3.250082580302402491e-01 3.652515888202360061e-01 1.511076607522093551e-01 4.713063829008686811e-01 6.569127485217038931e-01 1.586663435010994272e-01
3.619431073948939925e-01 1.328729536876003536e-01 3.859123801270918919e-01 3.883624100486374187e-01 8.879842741880565882e-01 4.521807280569819509e-01 3.559243496721570810e-01 2.983410731089775614e-01 7.964782202719160598e-01 1.275816267832466933e-01 5.617886009754810006e-01 5.248327496883309351e-01 4.060677549720060342e-01
3.796930676865344911e-01 3.224644252252553689e-01 5.545311034681963402e-01 5.283492156397432415e-01 3.821743406233903961e-01 2.382518118062731394e-01 2.047207895720392912e-01 3.350913335551630734e-01 2.777750391196548430e-01 2.611962206067307557e-01 3.073931874563478051e-01 3.035016076953999109e-01 2.083243269699336098e-01
3.550575431993867048e-01 1.604458985909112678e-01 3.871443374431068896e-01 4.161757567763021970e-01 2.066275046571441343e-01 4.659077899209383977e-01 3.974558335693576527e-01 3.212748637141764618e-01 3.663634200424708554e-01 1.565166830280700083e-01 5.089246988205647915e-01 6.372003242946588930e-01 1.578207854805952493e-01
3.919283189294601177e-01 1.650517813035074499e-01 4.509980575552579030e-01 4.240421108558256047e-01 2.390930074407547068e-01 5.815922350189167700e-01 4.787427984730179276e-01 2.840488172874275907e-01 4.178382906146870801e-01 2.048374656683196182e-01 4.667037299008873763e-01 6.566240381587624686e-01 2.354755294686927125e-01
3.293613999824675509e-01 2.079083936752773587e-01 4.456152857323599781e-01 4.847315647291288720e-01 2.214806155180153724e-01 4.633150562451318066e-01 3.983367309642303900e-01 3.912073637727858655e-01 3.819171133559866593e-01 1.345872895501286637e-01 4.518270311589405175e-01 6.414475604625684557e-01 1.510517554440350962e-01
3.497263898974972141e-01 1.557867244003789953e-01 3.652293925935571339e-01 4.024402100938497817e-01 2.051766916461613133e-01 4.124127120935711655e-01 3.644765094629948132e-01 3.071800173031833947e-01 3.437546865209608060e-01 1.554338718818519260e-01 5.311709583653667632e-01 6.275990061639320494e-01 1.609002732048701034e-01
3.680673991280951074e-01 1.576380800932513648e-01 3.724669571368292020e-01 4.449717536923888939e-01 2.058010591945671763e-01 3.878082750814741964e-01 3.528144528995020290e-01 3.543930269496620156e-01 3.359599478531053451e-01 1.578390854474398808e-01 4.922186957778242888e-01 6.242311607718795674e-01 1.628607653301294145e-01
3.195266482812402220e-01 2.349382880780654936e-01 4.544355595922645596e-01 5.116962941277043431e-01 2.140101603353801174e-01 4.810194561065271879e-01 4.070477238089977301e-01 3.975023301647765406e-01 3.571313594275871695e-01 1.261055184875490842e-01 3.776478547663466023e-01 6.767971398916108328e-01 1.237998712853064925e-01
3.038913010962701611e-01 1.884960710740990752e-01 4.239749109003950744e-01 4.983644677690931557e-01 1.971579049916371007e-01 4.022124140491259991e-01 3.538113406501741109e-01 4.298030438411207244e-01 3.585499385180839216e-01 1.175196779313347900e-01 4.422357496426902457e-01 6.118287457419293585e-01 1.260785893238177691e-01
3.400507053213292497e-01 1.834344103345242616e-01 3.973941211937303541e-01 4.797242858588753878e-01 1.961187615423746755e-01 4.179282916549208471e-01 3.641835535721231754e-01 3.639132486555268220e-01 3.443645654034680481e-01 1.400223839650591717e-01 4.511504414771982940e-01 6.865578013653064193e-01 1.645945528423820026e-01
3.125903957278321488e-01 2.340306119235018856e-01 5.375033626619247773e-01 5.661418548708340159e-01 1.928612860172743970e-01 2.815028325682666366e-01 2.747971338272990338e-01 6.560426056385040283e-01 3.264664643893440132e-01 1.566596511086296717e-01 4.334886096024174185e-01 4.926662180477227038e-01 1.583754723797287933e-01
3.218958335102224400e-01 1.848001908156615969e-01 4.144627297904721064e-01 4.953189266739970731e-01 1.854346523304348238e-01 3.751616914981398265e-01 3.490973501839528814e-01 4.195498384113581225e-01 3.551765743845762269e-01 1.349741981965537352e-01 4.397772712731446432e-01 6.500663417783794085e-01 1.483262079553984147e-01
3.389013987426697794e-01 2.046207412886396626e-01 5.099102008793959806e-01 5.598703955693804524e-01 1.762396711451204023e-01 2.464123503786736225e-01 2.671180907199708909e-01 6.339792520124113429e-01 3.447205799834491269e-01 1.511005785835925486e-01 4.348066011519451934e-01 4.702156651389849396e-01 1.625213717169742278e-01
3.176589347140277853e-01 1.916158272196417378e-01 4.196248701649075152e-01 4.969386340013331460e-01 2.092484126029455216e-01 4.425865178028570712e-01 3.797276586059378234e-01 4.037794779529267908e-01 3.683582176968502875e-01 1.225890136822905679e-01 4.146043400817770452e-01 6.508821465779478510e-01 1.194060575482721182e-01
3.182858361491909260e-01 1.917639086057483788e-01 4.646287965722118996e-01 4.804625629817049770e-01 2.236442945735609977e-01 4.973650927912316444e-01 4.204078715329966354e-01 3.571402236538112618e-01 3.939658331747933895e-01 1.445219823617786836e-01 4.084327484892039672e-01 6.651900241155662696e-01 1.573828113914338411e-01
1.736629126078795826e-01 5.314806618317299280e-01 3.365060441049044782e-01 4.737021114692793189e-01 3.395537882638366423e-01 6.935414537177261307e-01 4.727709603135843430e-01 2.427225331116888984e-01 8.312231008894741535e-01 1.398060338126865532e-01 2.559353949320389288e-01 6.230147728138268892e-01 1.854427016269034889e-01
3.302502468816543857e-01 2.088585227153636481e-01 4.316032558248781292e-01 5.020828300069288819e-01 2.093408319279146668e-01 4.653261473081234945e-01 3.936406152071391662e-01 3.766859025465992272e-01 3.501135137120162111e-01 1.218232526841220575e-01 4.134703312614342319e-01 6.502545060583085901e-01 1.222209135328184426e-01
3.009780362836624867e-01 2.267419383989964232e-01 5.540268053126367054e-01 5.647976254017006426e-01 2.043950239439373262e-01 2.829658473488586012e-01 2.691217742767970100e-01 6.521252689988544793e-01 3.181478704416931258e-01 1.567969377146264109e-01 4.681880412532425373e-01 4.748939604825944127e-01 1.656614287232265337e-01
2.851605162955822559e-01 1.605395125225186348e-01 5.078378339045317436e-01 5.542074604339168875e-01 1.899107612780821797e-01 3.746224446864477864e-01 3.228660221869824598e-01 5.279753131282357570e-01 3.484411713158953039e-01 1.190529706484221850e-01 5.227196874680013483e-01 5.397848029443550466e-01 1.483675154761681103e-01
3.072330915969552767e-01 1.892780064733555201e-01 4.613572915064738655e-01 5.389221879814454219e-01 1.948509945827738843e-01 4.257458447751686359e-01 3.712035690130712773e-01 4.510272409588994558e-01 3.537380253214518766e-01 1.191574747738682050e-01 4.212087296121952984e-01 6.286024393150480005e-01 1.247609945958187416e-01
2.811445915431249887e-01 1.621348036601177878e-01 5.223421095910900647e-01 5.780043099459607481e-01 1.792668996976040652e-01 3.516427315938676079e-01 3.070705214174923592e-01 5.386884084217390400e-01 3.388028561830966900e-01 1.180827432337301086e-01 5.335803222842514515e-01 5.461045466084918365e-01 1.647906155676213125e-01
3.106630015530086331e-01 1.798003178988049622e-01 3.892716150033601052e-01 5.014067518995288797e-01 1.876282929645284314e-01 3.988071730167701556e-01 3.450872766066200859e-01 3.764997412151884770e-01 3.518197485172316341e-01 1.166407314253138094e-01 4.272630468798361836e-01 6.887470412003251496e-01 1.437338541916833301e-01
3.340516143233369095e-01 1.825809610138827976e-01 4.245575053423124579e-01 5.120637069849931500e-01 2.221525476678558042e-01 4.135248869721745990e-01 3.689294480237291785e-01 4.001004684580279358e-01 3.560918611063026429e-01 1.203191879558227623e-01 4.411640766652195622e-01 6.434880864052545668e-01 1.246131115623573121e-01
5.405001359752771295e-01 5.174431069023593954e-01 5.468187364952714624e-01 5.165546984335567249e-01 3.020890886090574212e-01 2.010567455054742270e-01 7.927439517399514912e-02 5.868736781103850442e-01 1.903927135253721814e-01 4.354741994892294965e-01 1.850790354930530457e-01 1.887202190018631431e-01 2.565097190722352982e-01
3.129887941832606435e-01 2.250409560653533481e-01 4.222500061735829369e-01 5.015359518943911521e-01 2.076400660950204480e-01 4.187454873760199092e-01 3.607967591486901937e-01 4.103307784578920647e-01 3.502903112330789104e-01 1.204320983961224556e-01 4.143891955112539160e-01 6.382913410001784804e-01 1.325291983607874702e-01
3.113032783528691394e-01 1.986789846730238063e-01 4.707120909320717805e-01 4.882770951275627880e-01 2.229328652357925322e-01 5.059501981812304372e-01 4.238684278704571984e-01 3.598708554768477730e-01 3.937800470563327937e-01 1.421059284430933045e-01 3.944774851263538884e-01 6.717233841304049990e-01 1.541064577286773429e-01
1.394736842105265828e-01 2.588932806324110714e-01 1.000000000000000000e+00 9.226804123711339622e-01 5.326086956521739468e-01 7.586206896551724865e-01 1.000000000000000000e+00 6.415094339622640085e-01 4.605678233438486591e-01 4.027303754266211011e-01 3.658536585365854132e-01 8.864468864468864062e-01 1.333808844507845814e-01
3.463822193387866011e-01 3.161342546097398731e-01 4.862732064118359121e-01 5.338388356899533838e-01 2.264477589165123650e-01 4.509107805162283489e-01 3.827551044927730572e-01 4.452447670828748594e-01 3.625712682008640497e-01 1.342462624635077928e-01 3.904877425633074273e-01 6.279849879357175535e-01 1.448577669567208404e-01
3.669257953738501721e-01 3.948814272880554199e-01 4.859470199529929979e-01 5.082703992177147745e-01 2.382444452398529977e-01 5.069148863461656607e-01 4.249410813372148099e-01 3.767913471917878621e-01 4.181308703200872223e-01 1.439774670750536556e-01 3.687750643632200509e-01 6.719593509212475890e-01 1.663924632815871885e-01
3.603332220405143227e-01 3.893628147542991247e-01 4.841071352380376114e-01 5.045686127139552557e-01 2.378675242222886010e-01 5.139516590564543463e-01 4.298979947441708971e-01 3.680990364727616537e-01 4.265900663950712435e-01 1.442747588805846637e-01 3.671614126353411334e-01 6.778660978287827099e-01 1.661717822113553122e-01
3.109358161785886754e-01 2.179078407891154034e-01 4.432503523107089727e-01 5.130922889250533192e-01 2.025469571716435602e-01 4.714542527072902445e-01 4.038723221437746091e-01 4.073836740615935370e-01 3.522891194547882465e-01 1.260489992378795721e-01 3.895334511601585836e-01 6.684878125049910080e-01 1.214170301128471158e-01
3.099485598994713431e-01 1.977071843916189675e-01 4.744422794842624302e-01 5.144747095566589712e-01 2.137930414376213450e-01 4.954559825617692592e-01 4.243806310249531588e-01 4.034119901721769930e-01 3.839928143502034374e-01 1.358337029083647729e-01 3.770613175158093466e-01 6.475356563980325664e-01 1.280033133735351547e-01
2.942165155429392054e-01 2.115836198793231149e-01 5.407177294171190418e-01 5.748140941825262695e-01 1.880717798181728573e-01 3.012615750415314486e-01 2.841491460277529857e-01 6.233814926027266834e-01 3.320882222152459207e-01 1.435290775305524680e-01 4.659951598418032304e-01 5.022565719471978607e-01 1.643096297147674523e-01
3.069521762351014038e-01 1.892279842479557272e-01 4.617549210729544606e-01 5.388519239093456648e-01 1.945617281681220334e-01 4.263211084975347953e-01 3.712407329505583164e-01 4.510576453516786932e-01 3.529608128702544367e-01 1.192697885638156902e-01 4.213062015672525140e-01 6.292929902200282699e-01 1.250036126160436190e-01
3.464755342795365345e-01 3.166216879589813793e-01 4.864726434885100481e-01 5.339802871905291459e-01 2.265092031429167263e-01 4.509101637358103321e-01 3.827291384510271288e-01 4.454575595402000543e-01 3.625696586782468644e-01 1.342730266576451781e-01 3.903606144770056519e-01 6.278927239833309581e-01 1.448810342388737737e-01
5.058577788037884604e-01 4.482300293782777723e-01 5.551274255272012903e-01 5.493613386877149729e-01 3.740460476331898265e-01 1.748261560974963824e-01 1.433275948354251206e-01 3.461302975983411301e-01 1.950712581837185655e-01 4.463495821696021881e-01 1.717454213760244430e-01 1.036778915005172330e-01 2.347825899045406506e-01
5.046503386218226250e-01 4.480159777490856921e-01 5.542569835166032410e-01 5.491070011825680552e-01 3.745293724635342381e-01 1.722832503182621100e-01 1.438651657169472131e-01 3.392102008725006446e-01 1.927768749273778837e-01 4.442616777388067595e-01 1.710921585201607698e-01 1.003064688565055707e-01 2.346493902116912333e-01
5.033851569310127116e-01 4.518484456074450262e-01 5.540121866584341026e-01 5.450935576053471676e-01 3.770334291393342419e-01 1.770775362239058459e-01 1.438586040251870479e-01 3.418544523521185874e-01 1.943886671769829433e-01 4.443431994083111292e-01 1.734828733407506596e-01 1.033743273588038358e-01 2.355127205523182554e-01
5.062989635653425413e-01 4.523380239219901844e-01 5.563236731873391072e-01 5.514827662357010274e-01 3.763267241175408118e-01 1.782631259347344233e-01 1.440000409175168083e-01 3.403963115228831882e-01 1.950967914238645462e-01 4.477639832103198492e-01 1.708043040764495868e-01 1.004895363877196524e-01 2.351205853967943127e-01
5.395606081785733199e-01 4.941111651724093834e-01 5.687097031672927461e-01 5.356369309472976958e-01 2.887959457483426085e-01 2.421621535037612460e-01 8.152661677022593478e-02 6.976032584487187327e-01 1.932590016639944563e-01 4.156676171281543097e-01 2.344476999998910682e-01 2.243214646536276502e-01 2.411389257002405362e-01
5.485614589366474281e-01 4.799086821809404046e-01 5.411392751452233085e-01 5.152536669781146994e-01 2.891482931530766076e-01 2.286985447644336866e-01 8.110674839808933168e-02 6.523647083953584280e-01 2.166111355853834186e-01 5.185109133124525815e-01 1.776362001593981832e-01 1.717039293578790371e-01 2.540886290544442372e-01
5.503578104372872648e-01 6.263161415028065671e-01 5.705021136369677892e-01 5.565024345881275369e-01 2.691483102921072845e-01 2.324618350730502103e-01 6.949921120066225588e-02 7.192652925611737746e-01 2.024261552241134465e-01 4.126709319918127061e-01 2.071912563689871090e-01 1.938790800049901009e-01 2.415754540668788586e-01
5.579505742919679268e-01 6.199369281199079706e-01 5.750316443160814472e-01 5.636876318555748000e-01 2.704079396536816504e-01 2.409854362413672568e-01 7.064020353643751804e-02 7.286895335704649534e-01 2.065239142972098152e-01 4.239685737912116670e-01 2.096889354091003299e-01 1.969998110748397424e-01 2.410889748555171685e-01
5.819386301758259217e-01 5.631316101929474405e-01 5.532836501292366371e-01 5.351180673010417221e-01 2.696400518407640057e-01 2.336631530269595580e-01 6.370910912367046264e-02 7.320964470646290634e-01 1.899223412381197407e-01 4.096363083596115118e-01 2.310215371956186314e-01 2.136112303880722263e-01 2.355436564811084210e-01
5.461431672698573436e-01 5.205230471998334441e-01 6.006916891434851413e-01 5.676497796492786518e-01 2.965874343746058295e-01 2.583140282409971955e-01 6.683441470593276534e-02 7.254179175240251798e-01 1.735875367360301402e-01 3.836324788413865150e-01 2.456302441035708162e-01 2.455861732643438433e-01 2.420167879941481359e-01
5.519399382174015045e-01 5.184856847944585567e-01 5.976449371798632226e-01 5.534827552649395077e-01 2.941340819708547216e-01 2.364387263286987506e-01 6.549428427151800236e-02 7.125320240617993850e-01 1.723545870937595037e-01 3.800667036966811074e-01 2.426859813215158368e-01 2.481132637531984764e-01 2.384913682865547613e-01
5.427459905457093781e-01 5.205251016035646883e-01 5.505012169665218780e-01 5.202230657864159724e-01 3.074716931391183738e-01 2.027027667365598751e-01 8.183580580534983995e-02 5.867372355467797007e-01 1.920743823768122915e-01 4.296857367063384725e-01 1.916938154301340846e-01 1.919691445791913975e-01 2.565097601982986308e-01
5.571607326696577100e-01 5.232941574415214125e-01 5.966657788746737578e-01 5.558498352237968287e-01 2.947585681736793473e-01 2.379847232123901424e-01 6.557815193634809747e-02 7.093381711330158934e-01 1.730377055346166981e-01 3.827977297102885812e-01 2.432184320253630849e-01 2.445679437556737557e-01 2.390520516688338926e-01
5.780401044966356761e-01 5.989240479872750544e-01 5.672410967595437059e-01 5.493086373803119926e-01 2.743496682656847985e-01 2.359473853436266921e-01 7.175375641920929415e-02 7.170355759894930792e-01 1.968905022119947779e-01 4.015591846327631331e-01 2.262303372693619807e-01 2.154636534729173492e-01 2.346862086357971444e-01
5.739672127939565716e-01 5.299601044423929430e-01 5.577614510443247298e-01 5.411540245628747581e-01 3.168357101916942642e-01 2.195635284778886531e-01 9.559317324497197677e-02 5.636505365090549446e-01 2.348522558868554322e-01 5.630328698066275894e-01 1.564639094405158581e-01 1.462385936177073575e-01 2.621833631186663016e-01
5.442323541182927382e-01 5.154180152580076779e-01 5.487994410681698021e-01 5.188145682580389551e-01 2.993497443790344992e-01 2.032319283884637118e-01 7.913040572665396011e-02 5.925927290282176907e-01 1.903108172288972000e-01 4.343497696954044529e-01 1.886602752457270660e-01 1.917913817182151370e-01 2.550881908567724232e-01
5.848640323383735851e-01 6.230863979631084959e-01 5.468396057653673870e-01 5.406120512538503675e-01 2.631825281550054796e-01 2.169074784033000469e-01 7.077026157639920712e-02 6.633152634362285971e-01 2.117633008771232506e-01 4.592509508552506392e-01 1.784198919795756400e-01 1.715298806378556806e-01 2.408132494593998585e-01
5.855843816023000858e-01 6.079467773555295995e-01 5.588395754321926479e-01 5.494569542736161827e-01 2.744907819635599155e-01 2.366090006188987238e-01 7.603886190414789470e-02 6.739635070857814547e-01 2.287840855415570473e-01 5.063662829576158764e-01 1.719071784300911787e-01 1.671226870925765218e-01 2.508240002380729416e-01
6.020000703553179955e-01 5.259551981044381375e-01 5.542504978789524195e-01 5.461647268768746732e-01 2.845061656249606163e-01 2.541413859560571753e-01 8.827733188643578643e-02 6.110366651226045720e-01 2.566868992234442315e-01 6.175693949976929220e-01 1.245623699169818577e-01 1.378223851370888320e-01 2.634811115975275175e-01
5.822740655245358665e-01 5.348461715236726421e-01 5.841367417201897005e-01 5.766532909276310681e-01 3.623198218081835065e-01 2.232205000176126497e-01 1.227878051390171033e-01 4.805211416425904103e-01 2.496805758974206535e-01 6.015174897380075603e-01 1.427179473367442830e-01 1.187857929474845781e-01 2.529251066423269245e-01
5.601732696581166460e-01 4.824503087523193678e-01 5.882447037499094478e-01 5.852344960556966624e-01 3.917014327978350918e-01 2.076927192549317402e-01 1.446820165379167356e-01 3.957347119301732885e-01 2.405757928881423480e-01 5.786196060521200391e-01 1.385843527669652908e-01 1.001465170194713594e-01 2.340109383878108684e-01
5.617250686731589671e-01 4.775924842444381202e-01 5.898938048636399589e-01 5.868713481114852248e-01 3.898702074752097846e-01 2.117470241521067775e-01 1.433747010182108705e-01 3.989739183521552324e-01 2.420892946441197124e-01 5.744903739621234351e-01 1.400803028373047709e-01 1.001421582342774397e-01 2.335810277461408679e-01
5.621631776091433608e-01 4.812148412617784921e-01 5.886859227027737562e-01 5.853890528393544956e-01 3.883207524195313454e-01 2.107919775836716303e-01 1.426346121004189171e-01 4.025051296460178674e-01 2.419808832655633291e-01 5.801945292730990023e-01 1.388922234265062006e-01 1.011811293140923856e-01 2.344305462082439395e-01
6.014061978724051238e-01 5.154752468178600555e-01 5.526326426011035631e-01 5.363985606824461794e-01 2.965598160289633078e-01 2.467941456763395047e-01 8.758872066440751003e-02 6.389553058049025624e-01 2.691262240642065540e-01 6.303340992556547562e-01 1.382221682943646779e-01 1.383739210445188161e-01 2.661336559809600599e-01
5.485931008102182815e-01 4.792055589840975571e-01 5.408633704086203142e-01 5.150377063086519769e-01 2.892571174251434285e-01 2.284776736168118161e-01 8.129380586442608303e-02 6.513749689790684361e-01 2.168199092668967043e-01 5.193718222729829526e-01 1.772926799622667193e-01 1.713468662361638528e-01 2.541811905122058346e-01
5.888384394065820926e-01 6.626878476783583105e-01 5.609130040543398588e-01 5.584763199596224359e-01 2.649913235072745010e-01 2.465864538111732229e-01 7.434416160121057326e-02 7.085050041875186055e-01 2.398216320276672087e-01 5.064670698628931378e-01 1.651581655279165395e-01 1.590682563921571036e-01 2.530565602493475286e-01
6.145240570329693064e-01 5.851969996395566254e-01 5.629225543366787043e-01 5.521446339685239790e-01 2.796859126196384882e-01 2.471430508432416184e-01 8.316806232372989105e-02 6.510151324004048723e-01 2.564383978988132862e-01 5.834611988326043885e-01 1.494139219185609824e-01 1.476632023570059182e-01 2.550480615416294006e-01
5.614777624705118431e-01 5.646478347848409296e-01 5.757689435274047085e-01 5.569806125917539097e-01 2.819593038053110345e-01 2.443235048735192816e-01 7.272080338598357896e-02 7.139683465060407963e-01 2.054087560218450514e-01 4.431286144734648547e-01 2.108228250209817911e-01 2.043682850514378091e-01 2.443046660402314330e-01
7.898031917229098031e-01 2.596521847991810628e-01 6.755472034699020467e-01 6.783565173343246713e-01 2.895508204500916172e-01 5.245357072077176941e-01 1.706056054833812730e-01 7.179908316345218200e-01 5.958491357965894908e-01 9.018680322915315628e-01 8.957572530659776988e-02 2.177806901054681887e-01 2.675229882256988101e-01
6.157098206152258335e-01 5.045793201744910306e-01 5.633971310459715554e-01 5.495063324852549336e-01 2.963366770367745762e-01 2.567809906177993540e-01 9.229732685494490552e-02 6.262858181506535393e-01 2.797021981305223282e-01 6.395708175992701472e-01 1.394692104559664136e-01 1.406100909980423364e-01 2.645550781969142617e-01
5.748711908468976395e-01 5.704670975600432126e-01 5.590600861283250289e-01 5.439457847799522572e-01 2.811149074632735001e-01 2.367017388245459819e-01 7.775728936719866757e-02 6.647742700171085373e-01 2.249550900555345456e-01 5.114750045846547799e-01 1.731973780334238877e-01 1.708499016838840312e-01 2.528671663363566413e-01
5.861076422035693678e-01 5.223563533136437176e-01 5.837925577058112880e-01 5.386723242604087858e-01 3.076927298275025091e-01 2.364806143310049791e-01 6.391667566588345173e-02 6.861290677498920187e-01 1.779267733317303479e-01 4.140116439553361838e-01 2.437026422561668904e-01 2.176341539190829732e-01 2.503968795944807590e-01
5.379534763921247631e-01 5.328589929267765202e-01 5.996733198868718917e-01 5.633516743702372542e-01 3.049427402894134276e-01 2.437764335648509861e-01 6.662979079626563106e-02 7.526200058044126839e-01 1.824797823215755788e-01 3.912441160755530389e-01 2.494603625339705810e-01 2.446966894830648331e-01 2.347823533265400997e-01
5.413137674441955705e-01 5.167286470838410306e-01 5.488202818155781815e-01 5.183585843193758702e-01 3.039154558301442877e-01 2.023191555664103636e-01 8.101958556576563386e-02 5.868244221869044486e-01 1.910388861014259976e-01 4.342657440324526608e-01 1.884849504751061056e-01 1.907281225783782896e-01 2.556355542015839033e-01
6.318444034182710833e-01 4.957243873123005629e-01 5.481435958704446998e-01 5.479240775031527511e-01 2.851049524286518588e-01 2.078231298461042931e-01 8.548095680769328408e-02 5.780955800294593772e-01 2.375227514131447448e-01 6.386637256223288706e-01 1.551088105463157563e-01 1.452478746527075537e-01 2.595353715344944634e-01
6.113001483639605160e-01 6.335806550804099491e-01 5.430170417698547691e-01 5.527074101774656079e-01 2.555056475912746983e-01 2.109634749719808966e-01 6.379014153607219517e-02 6.942761882454296929e-01 2.157819882635326758e-01 4.578638538017347215e-01 1.973490624279692907e-01 1.796976756330088132e-01 2.313658256221897414e-01
6.136059502188703219e-01 5.412579419518354085e-01 5.813099295598140870e-01 5.685559297844614557e-01 3.385897912894901829e-01 2.354923593747461630e-01 1.031682424832779943e-01 5.654685494428465242e-01 2.675664696948197308e-01 6.467106378805718148e-01 1.609019115870076733e-01 1.282965105944637307e-01 2.688667383290742063e-01
5.791896859478010695e-01 5.246397069075122710e-01 5.485400058737491813e-01 5.314340802274414299e-01 2.936887592887100773e-01 2.184575606972493089e-01 8.885405236906233906e-02 5.789676065082257628e-01 2.364831345584772482e-01 6.220238780151454705e-01 1.505120855801534430e-01 1.458150462738678210e-01 2.651315170699616308e-01
6.002749443348301961e-01 5.236093512397599348e-01 5.795261217878862059e-01 5.703472151833866022e-01 3.460223557346541190e-01 2.269647280091484365e-01 1.111071166677699007e-01 5.229091142778689028e-01 2.554468190531050120e-01 6.233005242536651114e-01 1.490725306377602422e-01 1.247187686850395327e-01 2.604883489984163303e-01
5.810808545775026923e-01 5.328939645063396346e-01 5.819914361043647677e-01 5.745535355478947892e-01 3.611226532906900988e-01 2.211412322980448319e-01 1.225090140623508184e-01 4.807391959112928270e-01 2.483467637166111297e-01 6.023052358786684657e-01 1.426097800569136875e-01 1.190492280437042416e-01 2.529586794875345324e-01
5.340517278172467464e-01 5.126189832012408854e-01 5.465718058117211564e-01 5.162440487543678014e-01 2.991686487550158646e-01 2.041299053792970386e-01 8.285666305624843353e-02 5.918259951044401168e-01 1.904341422881834223e-01 4.321873269251264582e-01 1.893485164711331825e-01 1.937888835412032440e-01 2.519705971489034635e-01
5.672134952031467892e-01 4.925513318537370622e-01 5.380508794155428598e-01 5.179805817447372673e-01 2.834985410065754552e-01 2.238894077628079959e-01 8.142558495977790523e-02 6.275279309451228249e-01 2.275013059454056297e-01 5.803358116783277065e-01 1.500815040681783563e-01 1.540347213177572783e-01 2.556522441337073515e-01
6.435357431047841192e-01 4.945779726454038183e-01 5.588456670962831385e-01 5.439912604537706642e-01 2.909579383533286157e-01 2.245067824521262412e-01 8.574655926727417499e-02 5.971576564633375162e-01 2.537178494372590576e-01 6.477392700154320782e-01 1.470249193281359390e-01 1.441031757882035302e-01 2.645040528327970430e-01
5.944657077155030001e-01 6.660688209752120281e-01 5.625942199981937009e-01 5.574110441051481901e-01 2.656357966796191183e-01 2.462131244944336106e-01 7.275678382676589728e-02 7.038036970551265759e-01 2.361350024749939713e-01 5.065438200862143470e-01 1.674487011042675444e-01 1.598506421021325674e-01 2.519193404525332247e-01
6.074574285284862762e-01 5.677343295526363631e-01 5.656981947109660513e-01 5.575290798142399362e-01 3.036750695141761103e-01 2.375785569949396825e-01 8.884348458181161312e-02 6.050227479482034321e-01 2.547697688420582085e-01 5.869047729800687119e-01 1.540091770277093319e-01 1.419933669255439290e-01 2.671443102735170383e-01
5.972717434719302387e-01 5.549035844551363228e-01 5.596150277583376020e-01 5.427828431033443479e-01 3.239445808627035017e-01 2.286509376404614602e-01 9.522331374665948811e-02 5.931292127989197249e-01 2.643128076556494621e-01 6.277827187965754341e-01 1.433292288121169045e-01 1.367871980634842166e-01 2.768645240512069283e-01
5.924786358091392868e-01 4.793449414695204469e-01 5.394178923757319000e-01 5.174267785527657537e-01 3.267014279313709135e-01 2.235939692930671574e-01 8.717941653910819821e-02 6.300009749126884717e-01 2.700648952381279888e-01 6.443704558797054283e-01 1.475105992541080602e-01 1.281190898317175475e-01 2.771924797674048535e-01
6.141948525810702053e-01 5.848204218285533162e-01 5.628058077152109373e-01 5.520057004357967756e-01 2.796197184108440426e-01 2.469799932653429231e-01 8.310308899506453628e-02 6.510454409465826764e-01 2.559787499590201465e-01 5.823735452436684668e-01 1.497892747803286628e-01 1.479928663192677796e-01 2.548136473346254705e-01
