7.285322444344946025e-01 1.960722768336227162e-01 5.595744139714700083e-01 3.351739712573165719e-01 3.875574928090866900e-01 6.378724937190718425e-01 5.553786644848645038e-01 2.721182277191646071e-01 4.725291855202302660e-01 3.739858220163302938e-01 4.542414781903565402e-01 7.275226180204582560e-01 5.793039888843027896e-01
6.982945166356664402e-01 2.005164997589824472e-01 5.713234895287471193e-01 3.468224313302138428e-01 3.685038261844412188e-01 6.068740448015260691e-01 5.333760958616837744e-01 2.903530438900661648e-01 4.442040723915967049e-01 3.445050333810925069e-01 4.704935664244326299e-01 7.062738765348363090e-01 5.753493392778581406e-01
7.297533837817977709e-01 1.951512840885683553e-01 5.844079481100383777e-01 3.493980301271635835e-01 3.885234626751575271e-01 6.380261241671114636e-01 5.582753747602422489e-01 2.951575921549689507e-01 4.616717307122162328e-01 3.895182921392238429e-01 4.748298824810692209e-01 6.691118114459964072e-01 6.230619255255391842e-01
7.342551211532399869e-01 1.990153530774557145e-01 5.873257884037317300e-01 3.459629072308464393e-01 3.910034141989182088e-01 6.464999194337248678e-01 5.676102304663156461e-01 2.966122298308138117e-01 4.718921872646157922e-01 3.989437220128627670e-01 4.794088605397600622e-01 6.582429559028029065e-01 6.403715369467970486e-01
7.019357004731368033e-01 2.005251705917033833e-01 5.794970615932538704e-01 3.538928544760884254e-01 3.723312915415432078e-01 6.093818960021899489e-01 5.368055257052446461e-01 2.972958601263290257e-01 4.467736077506396231e-01 3.524722537254666443e-01 4.780802266836465808e-01 6.878138394074349016e-01 5.860976361417360447e-01
7.374073081894922943e-01 1.988989986602830162e-01 5.897897253831461128e-01 3.473143124252019986e-01 3.928148114304665373e-01 6.527237195136218473e-01 5.707691069319058563e-01 2.954980730175761350e-01 4.753115566378336432e-01 4.071661609514224955e-01 4.754733718341080939e-01 6.544386074322211533e-01 6.484427327574490141e-01
7.168813090085200956e-01 1.973463698730182347e-01 5.711234697460740861e-01 3.419485714324971282e-01 3.773753902388979342e-01 6.220905185644997060e-01 5.464978624746312796e-01 2.841107946521830296e-01 4.586510509024859239e-01 3.659648789446912076e-01 4.666482244196586970e-01 7.023042043706831938e-01 5.925649400108284892e-01
7.016716686273485326e-01 2.002120371346003957e-01 5.806720334054883415e-01 3.521571692553969180e-01 3.710134478778459588e-01 6.105168623472403411e-01 5.373824712526119596e-01 2.972253127260252037e-01 4.460724522886659882e-01 3.525709989556164992e-01 4.779039095141994209e-01 6.893126283226033157e-01 5.878805591907158012e-01
7.216489278071094304e-01 1.968874845267431228e-01 5.680311442787870924e-01 3.396551534936491645e-01 3.811683226380278566e-01 6.308720768998619111e-01 5.523141896420510344e-01 2.801260667636249480e-01 4.658227567115003076e-01 3.739323830632822476e-01 4.621709195164275252e-01 7.063929267835739045e-01 5.940091153005493396e-01
7.255153036602820515e-01 1.953082936777668643e-01 5.616169298004811683e-01 3.376463738659555847e-01 3.843223725334214969e-01 6.364494422530948547e-01 5.526434987103605589e-01 2.723006868998811836e-01 4.708716252965416960e-01 3.728119084338772371e-01 4.552090277078886249e-01 7.210966087417205461e-01 5.805628899887675942e-01
7.380609068431351893e-01 1.988766649112164719e-01 5.833231708443259445e-01 3.457542523626507269e-01 3.928942080971825623e-01 6.522961349387108587e-01 5.722266875132760999e-01 2.908349365769129502e-01 4.766053250470795311e-01 4.045869174823418790e-01 4.756558398163416301e-01 6.603564056960162798e-01 6.436746377566332500e-01
6.998035331207669296e-01 2.002260481745339049e-01 5.802712961563095684e-01 3.525862435631145209e-01 3.725453938157284872e-01 6.104269748822342967e-01 5.372298734351248495e-01 2.973654354293858160e-01 4.460124944501787647e-01 3.526663193543247976e-01 4.766320803115021709e-01 6.874109258870559902e-01 5.871041962996819130e-01
6.984185766882116120e-01 2.001234178979243439e-01 5.806344515377181992e-01 3.511399580165932011e-01 3.704125032658656114e-01 6.113842332707557503e-01 5.376483662927855622e-01 2.974896368813340075e-01 4.453865882150288558e-01 3.522522705226183160e-01 4.766456756802150974e-01 6.891607523662542922e-01 5.869566114983399974e-01
7.377350851599322468e-01 1.977252737497506019e-01 5.866153500351637406e-01 3.449568372320614418e-01 3.944585918772803845e-01 6.532616174538973253e-01 5.717784766466867952e-01 2.922428976217249508e-01 4.779100156497879670e-01 4.077742376840362004e-01 4.742973844200842892e-01 6.561268127775808923e-01 6.453913906555935887e-01
7.406449631763329933e-01 1.992790773717996178e-01 5.874601675155148861e-01 3.484289347021312655e-01 3.914723366438208618e-01 6.534998777322470476e-01 5.701758220815394962e-01 2.947367963332787610e-01 4.749063954367548357e-01 4.052033953101662478e-01 4.741478670117297289e-01 6.576155413005282391e-01 6.458158846453002644e-01
7.246337556525282997e-01 1.986121136004707355e-01 6.003496837790559537e-01 3.583915816636794593e-01 3.930328588125437395e-01 6.394785173044637006e-01 5.605594771247989216e-01 3.058772791926045453e-01 4.631765586895462694e-01 3.964218071349197015e-01 4.837438243127057946e-01 6.475063831252880764e-01 6.413725159725024438e-01
7.270205078327932613e-01 1.988963100626897351e-01 5.996952613138341048e-01 3.555089333580720989e-01 3.916911233732800479e-01 6.392439005527130735e-01 5.611247257607053784e-01 3.066688705815600047e-01 4.608911198480281080e-01 3.947535755189052753e-01 4.829219913221820537e-01 6.482128419230210881e-01 6.401194183741458765e-01
7.260303991313681315e-01 1.991287992362774373e-01 6.009337367492424420e-01 3.542614900411020784e-01 3.925828578636434973e-01 6.386499357162895851e-01 5.599943336722309484e-01 3.073605732983505368e-01 4.600290046652819043e-01 3.956485009723432200e-01 4.828029704126751698e-01 6.489421777438282302e-01 6.405869333383882314e-01
7.351706882448572067e-01 1.984552993338367655e-01 5.882997382874226577e-01 3.479940533042722439e-01 3.920615138966873636e-01 6.488320745527743627e-01 5.679837282597705039e-01 2.952174422230114392e-01 4.728895910363350996e-01 4.025002547314090462e-01 4.757357464546746462e-01 6.580673948274891050e-01 6.417810525745153427e-01
7.125826485271223865e-01 1.981404416795485846e-01 5.613529780172409334e-01 3.406449285544441152e-01 3.762558596208691597e-01 6.198858482870053255e-01 5.427416864065904845e-01 2.789540046755716318e-01 4.585925405368092012e-01 3.562810301896717768e-01 4.596049904215672166e-01 7.227526053286501551e-01 5.721987875583003369e-01
7.265401400734463611e-01 1.956279816279139494e-01 5.622384695275212119e-01 3.356317823909382159e-01 3.853448660355871525e-01 6.347734065248695767e-01 5.525773146119058454e-01 2.740046369577131546e-01 4.705395772555156508e-01 3.700269927425069993e-01 4.567259658592738858e-01 7.300354311722005995e-01 5.787651858154847506e-01
6.880623343313345686e-01 2.023879187435818627e-01 5.717710301339046230e-01 3.531069054286904429e-01 3.646537421996269845e-01 6.019213854485786497e-01 5.294157086699429193e-01 2.931015323723977772e-01 4.418173357134631551e-01 3.365864703714438466e-01 4.713301612168354082e-01 7.081712953269623245e-01 5.624809973790909634e-01
7.100699213872617710e-01 1.989485392366865113e-01 5.620964319282708566e-01 3.418389181489457362e-01 3.771003825196480030e-01 6.205686267914957144e-01 5.431635133770563728e-01 2.787122508526871933e-01 4.590459846491538043e-01 3.555253843304863048e-01 4.593472407027660021e-01 7.232219291327055544e-01 5.689404513097345850e-01
6.896237672205307589e-01 2.027966535572890694e-01 5.723988344076318402e-01 3.524162221404921191e-01 3.653002471244531923e-01 6.024293106589727609e-01 5.296474352049000967e-01 2.924442688593290041e-01 4.416689792819206706e-01 3.371088042663964446e-01 4.714186821561234253e-01 7.088410418490015408e-01 5.645620337470586003e-01
6.885737442811660225e-01 2.030439405938390396e-01 5.723479656168531937e-01 3.529941891042138735e-01 3.648325062660423002e-01 6.019728782459800032e-01 5.292504982468240193e-01 2.925131274414697335e-01 4.414766458463039722e-01 3.362034335109161387e-01 4.713549734710981154e-01 7.096015760243471471e-01 5.630587057636879944e-01
7.004628040017500945e-01 2.001645398453648084e-01 5.801215447745514675e-01 3.531188719232174478e-01 3.711505532631967919e-01 6.092685203861790688e-01 5.366911096634678913e-01 2.987284486612309387e-01 4.454927878931144170e-01 3.514558361946680809e-01 4.797528749600391551e-01 6.869280024941976093e-01 5.852089615633437880e-01
6.995890029883748973e-01 2.005442179115238532e-01 5.807899534253682106e-01 3.514086057950465136e-01 3.716390372137539089e-01 6.101830510171692978e-01 5.367975659407999700e-01 2.964633243793527440e-01 4.452472761304966942e-01 3.522618757433705894e-01 4.744832900436065648e-01 6.893292925919273229e-01 5.887040884504539662e-01
7.006157031406092806e-01 2.002441823679539656e-01 5.804890051426057074e-01 3.519089708678405648e-01 3.719055687773937247e-01 6.095762045639526727e-01 5.366708300143248067e-01 2.975756966699472650e-01 4.452408628817537961e-01 3.519938962819368911e-01 4.769308192539384317e-01 6.877232751692565760e-01 5.875288628803342350e-01
7.027720316509272758e-01 2.008114478027960281e-01 5.806279784853994874e-01 3.541086234257180831e-01 3.717723240656398698e-01 6.096844788975934737e-01 5.367867010397970873e-01 2.960530890585051922e-01 4.468822826394198700e-01 3.525018714521908070e-01 4.769151352044228576e-01 6.907848931118528713e-01 5.882386051113401848e-01
7.115627774552097939e-01 1.983236348134071736e-01 5.605146307074887480e-01 3.399301894806018853e-01 3.760203689782191661e-01 6.191512558641362185e-01 5.424050864123027837e-01 2.776672321608957827e-01 4.590355808386132885e-01 3.547444300052197685e-01 4.592010529817847075e-01 7.250637927914768133e-01 5.693713451611787102e-01
7.263177750895634111e-01 1.990314228846710165e-01 6.009761215670702539e-01 3.579328464330342463e-01 3.919412249334804366e-01 6.383851521287178254e-01 5.605067857997964031e-01 3.080803376341343380e-01 4.615637977087535537e-01 3.942411429385428434e-01 4.850089290080880078e-01 6.465067134781198321e-01 6.401109073839857944e-01
7.296030981294615581e-01 1.981535187753086791e-01 5.936322634702579926e-01 3.525587720412416415e-01 3.913603815472806446e-01 6.432759539159977891e-01 5.637748420851517173e-01 2.997055419562559830e-01 4.665672370946558067e-01 3.986251510857721780e-01 4.790848706265897206e-01 6.531751898523323607e-01 6.408286445087271188e-01
7.002280988810142270e-01 1.997420451833439858e-01 5.807635551723566714e-01 3.531282201513453733e-01 3.700012479524087405e-01 6.096224091178336080e-01 5.369912698727830058e-01 2.965097870284533199e-01 4.461902301223825695e-01 3.522542739129728151e-01 4.789177888302308395e-01 6.887838008709671334e-01 5.889469098628810073e-01
7.252648314310997657e-01 1.986522387064167117e-01 5.970712296682146869e-01 3.558031966808953284e-01 3.905952763946159978e-01 6.383461368663623237e-01 5.598499741909224170e-01 3.034766165820775852e-01 4.623724933876546261e-01 3.938622252909155241e-01 4.820095382543750917e-01 6.510428846760434318e-01 6.381033596748116876e-01
7.000848402262291881e-01 2.026552614333060609e-01 5.852880592698873619e-01 3.583966458459942328e-01 3.699921660428591719e-01 6.089209106421612505e-01 5.353382978591290087e-01 2.959358186470915086e-01 4.455409690301901926e-01 3.503759979821086668e-01 4.752629892086626118e-01 6.950899711895338617e-01 5.905786770521815887e-01
7.103302603048322617e-01 1.986757308485588569e-01 5.603864883283327103e-01 3.405080588094017147e-01 3.766152891710036199e-01 6.194654617259873763e-01 5.425157143846389696e-01 2.774274783271566958e-01 4.590308124012951740e-01 3.543623691889990490e-01 4.585567554535876500e-01 7.255866711647229739e-01 5.674693041673968263e-01
7.004615235614196633e-01 2.008573238201473432e-01 5.814686038109279087e-01 3.537008530321080202e-01 3.742540942545494187e-01 6.059277569148528997e-01 5.339990638158154113e-01 2.974347931633259945e-01 4.435033556536513433e-01 3.494938640042132838e-01 4.751361455505466735e-01 6.872802778023922032e-01 5.874422463740911482e-01
6.983493731900175527e-01 1.991090260718934302e-01 5.773435303814369313e-01 3.520239545702970596e-01 3.726395684706917955e-01 6.067745845323301301e-01 5.354361454324576552e-01 2.938121233436383761e-01 4.464530738930226339e-01 3.521637222222168129e-01 4.747606212790927982e-01 6.858364967404371182e-01 5.886403569731112340e-01
6.846543208744966247e-01 2.013112464724127193e-01 5.757953377345945700e-01 3.545520481048632377e-01 3.613221123004737301e-01 5.956083740653662639e-01 5.253101496324572572e-01 2.989346399872546689e-01 4.353737063376874050e-01 3.344268135173379397e-01 4.781653066298250376e-01 6.921382916992318002e-01 5.706853545317359666e-01
7.131335508396948741e-01 1.981419818535661292e-01 5.615927051618335719e-01 3.401834179392833057e-01 3.780561041937250399e-01 6.238689284410392499e-01 5.456924402343604763e-01 2.773244843229580869e-01 4.618547058712738629e-01 3.588650088873293620e-01 4.585857622635861608e-01 7.239285427906410053e-01 5.712398649399273998e-01
7.231727031745802670e-01 1.967096690269345416e-01 5.605204881462741984e-01 3.380858195254329845e-01 3.873402332841500151e-01 6.389314462366546543e-01 5.568713641146842974e-01 2.751379637959202595e-01 4.732557484019690452e-01 3.729479778065336038e-01 4.538326601353965817e-01 7.218232930430223959e-01 5.781300909858404502e-01
6.895774087406799646e-01 2.029900342021151438e-01 5.719440600918519468e-01 3.524775762491268449e-01 3.629090608845454424e-01 6.006904112857668343e-01 5.285216741312863675e-01 2.908880878168483286e-01 4.405753474121792967e-01 3.361936677600700363e-01 4.727608706265070126e-01 7.094117848265697468e-01 5.672009890833381585e-01
7.241597129832373358e-01 1.949500986454288654e-01 5.574769775263646032e-01 3.349106215611436510e-01 3.778988655641391525e-01 6.358356179027208066e-01 5.568591285961629334e-01 2.719793827668324226e-01 4.729249450401623589e-01 3.755579921928489662e-01 4.563165805960354704e-01 7.237039413570721669e-01 5.825813690384537002e-01
6.884830288757306516e-01 2.034287920374453495e-01 5.725438292661213513e-01 3.528947791626744213e-01 3.645162255324185252e-01 6.014576583953448186e-01 5.287587295872977489e-01 2.922204250550549109e-01 4.408360739649272997e-01 3.354743035322534372e-01 4.715838715767644573e-01 7.103335151861203123e-01 5.633080960787616442e-01
7.103728770021057182e-01 1.986161007198138095e-01 5.614531546038012966e-01 3.408142015213128095e-01 3.759848289077838412e-01 6.190128564677033207e-01 5.422773492698880204e-01 2.783629973155429260e-01 4.584057030876897976e-01 3.545003583233202193e-01 4.597034643014242250e-01 7.236824536341287528e-01 5.692902605465152144e-01
7.108318751610475106e-01 1.987699715386754828e-01 5.598448390051794510e-01 3.420615222943543254e-01 3.769882963907034146e-01 6.195832772193297089e-01 5.419244758322516731e-01 2.789591045518633461e-01 4.578340745592351935e-01 3.546517437573793452e-01 4.576003422219556138e-01 7.256589287972685653e-01 5.680057408111452988e-01
7.262201015929399261e-01 1.983092658041346601e-01 5.581089698648536990e-01 3.351502147979960600e-01 3.810125261484442749e-01 6.328791613979586339e-01 5.519971502212933645e-01 2.737292545135923683e-01 4.685713598204994668e-01 3.707696554670587008e-01 4.549592686457393231e-01 7.230116246471133268e-01 5.809735007817922181e-01
7.257445803334888756e-01 1.962667741573953240e-01 5.603809958232945920e-01 3.379605207574247205e-01 3.844016925678537810e-01 6.338902523733097594e-01 5.527630213973258044e-01 2.746204125787183870e-01 4.705104031278722898e-01 3.726597267547510084e-01 4.582670328521541436e-01 7.224416320496613864e-01 5.798470878831960551e-01
7.290057878353093379e-01 1.979126725904920003e-01 5.909619492672900654e-01 3.523229630183928873e-01 3.887341774078895695e-01 6.378134688747854053e-01 5.597176775837293672e-01 2.998202985750054173e-01 4.649237730020322479e-01 3.924353776575914554e-01 4.790822660429328028e-01 6.586080423518742011e-01 6.314957837166315091e-01
7.372943193406650275e-01 1.988752135257923215e-01 5.883813612449435571e-01 3.463035764331093835e-01 3.926426821752734830e-01 6.517666891409918950e-01 5.705282875387791552e-01 2.950811733157848171e-01 4.763401183813857909e-01 4.072055071528759562e-01 4.749663773113937948e-01 6.567202162939114185e-01 6.465951496849471347e-01
7.217741549980069005e-01 1.969908364781472188e-01 5.671557652714692699e-01 3.391753621815180586e-01 3.804525678439028558e-01 6.304654481424223356e-01 5.517658282946312776e-01 2.794095871463211367e-01 4.651098130863071667e-01 3.735306885048950143e-01 4.616078821950581057e-01 7.074307855888144481e-01 5.935377023382425454e-01
7.180120680093655672e-01 1.974341892561838618e-01 5.718783184535487507e-01 3.427301593826518333e-01 3.792123756878857388e-01 6.249664343597473026e-01 5.483811090538907029e-01 2.848197633919073990e-01 4.602502587937495893e-01 3.688732206920721790e-01 4.665851503510729525e-01 7.003996899987284808e-01 5.945275427598224471e-01
7.343097077462038547e-01 1.977771141491793672e-01 5.843158611992901319e-01 3.478347536022823316e-01 3.916578482249346571e-01 6.473344913683831692e-01 5.657528236504439922e-01 2.908841378652964882e-01 4.730093774506205495e-01 3.990623250670425337e-01 4.710767313239838661e-01 6.684543428961323697e-01 6.328596432205719768e-01
7.251010358627688612e-01 1.987586659103794950e-01 6.001929365345003431e-01 3.564055479892540568e-01 3.925414787068882139e-01 6.392646722716344154e-01 5.600765371952551863e-01 3.052765482230516136e-01 4.626627113778079559e-01 3.969429392524940203e-01 4.831354521570833116e-01 6.484556812008386295e-01 6.417629918172064185e-01
7.220689635209152080e-01 1.960096869471836256e-01 5.604973541389661751e-01 3.373446430694119758e-01 3.866728894088579116e-01 6.321546204709287409e-01 5.530236261751392268e-01 2.716408177138358582e-01 4.658719209384185600e-01 3.721506425321384204e-01 4.549518465758936037e-01 7.202741664326016702e-01 5.800809311039796246e-01
7.301228381899389497e-01 1.946350472508524831e-01 5.835092350231100289e-01 3.490901697044784813e-01 3.884211968943418469e-01 6.378300783731714052e-01 5.579442470028541656e-01 2.946995187194947352e-01 4.610770537226192012e-01 3.891222071019398432e-01 4.744128317783238291e-01 6.702069522673945734e-01 6.218715663491973800e-01
7.239667237822066115e-01 1.965213001513828051e-01 5.619293068944012370e-01 3.360211089389644190e-01 3.844913114469660220e-01 6.357880861610817336e-01 5.547274773942163506e-01 2.742493889066127122e-01 4.696514253298551544e-01 3.714464632104037545e-01 4.547468167351089163e-01 7.232474057927502642e-01 5.815369086081414451e-01
7.236942654867704050e-01 1.988330663157914235e-01 6.017709920895012443e-01 3.579277116073219522e-01 3.923211852493493357e-01 6.379026011173445365e-01 5.593484264841688258e-01 3.067597688092270070e-01 4.604294396663666245e-01 3.955228887645387270e-01 4.841829446663539205e-01 6.456457941869315764e-01 6.422206065152504806e-01
7.376671647064781956e-01 1.976774510800499707e-01 5.854240727590964699e-01 3.463697439013408985e-01 3.926525527975805452e-01 6.502799255195362838e-01 5.680335541550494138e-01 2.927129102765388957e-01 4.753855893605797300e-01 4.028175577152608988e-01 4.727733296652635309e-01 6.617668301418028198e-01 6.387311171337738402e-01
3.563086321497775932e-01 1.739473384110212795e-01 3.983022151514887810e-01 4.255719352513551712e-01 2.105311612947784738e-01 4.019390764919206216e-01 3.176114270679715190e-01 4.108066448561830120e-01 2.998646583249469089e-01 1.511604766368964403e-01 4.569342276931488422e-01 5.451409932167947670e-01 1.796612997801203260e-01
4.070269335183855364e-01 2.768313660665522313e-01 5.239704905420620173e-01 4.915070198531072410e-01 2.581527815301619122e-01 3.040115518008703610e-01 2.102373318610411268e-01 6.384308191330966276e-01 2.443635328927484807e-01 2.463090733701280566e-01 3.970988869347148453e-01 3.580110424394154500e-01 2.134572678166556381e-01
4.085998999751420668e-01 3.039472455918937333e-01 5.212784179624149195e-01 5.148862860264719066e-01 2.493650423364116575e-01 3.005588867862665214e-01 2.182378439939549053e-01 5.892421214836913723e-01 2.670056980264106095e-01 2.583361961823210651e-01 3.714059975776822231e-01 3.811176380858118939e-01 2.031695909159853819e-01
3.609167404166472304e-01 1.813100503441020250e-01 4.514124103227908358e-01 4.776148021571607338e-01 2.124742522440931647e-01 4.399298540501181409e-01 3.851944726492957938e-01 3.922211931917359284e-01 3.597764891850665503e-01 1.565359202440058384e-01 4.616321850477195232e-01 6.348071579331866499e-01 1.929494552599922419e-01
3.658544255028045589e-01 1.875549969247269910e-01 4.609712642417688189e-01 4.773499039361810969e-01 2.180163132067283738e-01 4.570801637376306070e-01 3.974446658659549492e-01 3.832701126823008231e-01 3.690266789290437832e-01 1.593599595591773666e-01 4.555701089289884154e-01 6.456448996917764083e-01 1.971995035514627070e-01
3.333191341160273713e-01 2.195081480072957059e-01 4.978275560512206432e-01 5.360904125369303497e-01 2.004597173902805674e-01 3.513867961167275178e-01 3.044962487179826982e-01 5.323592899510672938e-01 3.293773966453054092e-01 1.553630452940974460e-01 4.477607352871824098e-01 5.317500788675045831e-01 1.674367311996958763e-01
3.656190410525977930e-01 1.865967736212689188e-01 4.605274598221892335e-01 4.781408193665971917e-01 2.179541481081801457e-01 4.549578193563100781e-01 3.954087253641543342e-01 3.852494780192775026e-01 3.674940128044272836e-01 1.581095573646930652e-01 4.569652991736595782e-01 6.432840821417236121e-01 1.983839993012375680e-01
4.337601751983655163e-01 1.807170958513474035e-01 4.643979474732821133e-01 4.280004121393767291e-01 2.535032265105932603e-01 5.244850029370264899e-01 4.501521743949206122e-01 3.248287727449524209e-01 3.984270707302669523e-01 2.071281945087140586e-01 4.625520584527479384e-01 6.631115362644725009e-01 2.726982373248695302e-01
3.502593476129204353e-01 1.840334468016864844e-01 4.528071784518937215e-01 4.850319543008492218e-01 2.078864185706428835e-01 4.378039264666109265e-01 3.824778420021481828e-01 4.011356753982462942e-01 3.626413564447443227e-01 1.502075664660934007e-01 4.579687945665867899e-01 6.345663292422181190e-01 1.810081522697888357e-01
4.072721482132022341e-01 2.769968820681285582e-01 5.240223226033182691e-01 4.914487354579945011e-01 2.582517030092750798e-01 3.040645897865409397e-01 2.102354461898403859e-01 6.383495921258626193e-01 2.443697843403756231e-01 2.465386544378595779e-01 3.969735347185988639e-01 3.579424348243884224e-01 2.136419067828060347e-01
3.361641438941376792e-01 1.152347685602859856e-01 3.026891546280316980e-01 3.556234982529579147e-01 7.936540757515974098e-01 3.721171576296911088e-01 2.833614667176607149e-01 1.805880894634064593e-01 6.737737300895801917e-01 1.369573890665720106e-01 5.898181592498535908e-01 5.938600521281381939e-01 3.350626378153339635e-01
4.081870812781790980e-01 3.044863028456171739e-01 5.210735508930651738e-01 5.159463060801368073e-01 2.490871827402889038e-01 3.005387835450980538e-01 2.190599427148786638e-01 5.861000721714209050e-01 2.682438901414834764e-01 2.583319607138595542e-01 3.706050256417678379e-01 3.826464941132357578e-01 2.025568828107284225e-01
3.657653864865239024e-01 1.869958726779061831e-01 4.607224885036889095e-01 4.779420214424332514e-01 2.179149268979571064e-01 4.554832419075458549e-01 3.959971895865812552e-01 3.847338475961290527e-01 3.678975861057954266e-01 1.584632101773884860e-01 4.565959845428693153e-01 6.440849089368175795e-01 1.979501802232129792e-01
3.433980580615371148e-01 1.900011591443961367e-01 4.614955392830513148e-01 5.077879054414243809e-01 2.013687936629613984e-01 4.255545607222050997e-01 3.709006704908759944e-01 4.164914263166346609e-01 3.506072790770312642e-01 1.488104421683545675e-01 4.549568428286934196e-01 6.286905756213397867e-01 1.701235120495603326e-01
6.978414436091523454e-01 1.998881424307565324e-01 5.882251936242601786e-01 3.819851013831794262e-01 3.915876843966543674e-01 6.236768143251537611e-01 5.415277399811608827e-01 2.934401479641959298e-01 4.529730232754922148e-01 3.518293279317706856e-01 4.848860304261278786e-01 6.897353242648656124e-01 5.876199013415555061e-01
3.644910992369806424e-01 1.873249775365441738e-01 4.604691329063849148e-01 4.783657054388632535e-01 2.172454182392634103e-01 4.552198655635885105e-01 3.957743589678643370e-01 3.848238379359827377e-01 3.680083288783879691e-01 1.583388992502300641e-01 4.558371873785423967e-01 6.446692079579415813e-01 1.956153429098714258e-01
3.397242691122781544e-01 1.894399389855125626e-01 4.622001711471051544e-01 5.025483476620327128e-01 2.022004123187482461e-01 4.219048571483842713e-01 3.681761498969708390e-01 4.263064615990755923e-01 3.534157611796931997e-01 1.476370475510529745e-01 4.546694051965548544e-01 6.250046430114697404e-01 1.697853540432844865e-01
3.608273038775413610e-01 1.820975697043502872e-01 4.520114120743411457e-01 4.781132658809116864e-01 2.126713654927342434e-01 4.406944575839965017e-01 3.855526043708289996e-01 3.918913858283732399e-01 3.597310493573140922e-01 1.563159729530493869e-01 4.615157225303639921e-01 6.354593161878179242e-01 1.925064746345912792e-01
3.334593013054569788e-01 2.188602656631256638e-01 4.971145293124802356e-01 5.357908546809375672e-01 2.010343693349884719e-01 3.519174916775102413e-01 3.053514532085320754e-01 5.316186091277247394e-01 3.292579607452801316e-01 1.552353687259379889e-01 4.475179476288669855e-01 5.328038268483632489e-01 1.667648543390634341e-01
3.582014953840133020e-01 1.822099098940324624e-01 4.521676559227811865e-01 4.777500593516323391e-01 2.283427246400843158e-01 4.373580534187755386e-01 3.817996668539949123e-01 3.957898082145168139e-01 3.701086691551332963e-01 1.546735231084796769e-01 4.606686456704407462e-01 6.284092863844263910e-01 1.949227820004412193e-01
3.531156147683136570e-01 1.985434032056347942e-01 4.666226308987061477e-01 4.933435048142295054e-01 2.126395234473697493e-01 4.450042848956996533e-01 3.870888201005064921e-01 4.030500924909917737e-01 3.670316079414041588e-01 1.512918784024842034e-01 4.466222143633579167e-01 6.417975514003965154e-01 1.776829636184107941e-01
3.460821711997453809e-01 1.856367257147615302e-01 4.595443707079013840e-01 4.960821292257494020e-01 2.036916283161743779e-01 4.309200825972546722e-01 3.771571880795909770e-01 4.158960197753500676e-01 3.568980495095817052e-01 1.489946023432328071e-01 4.562319044659777223e-01 6.341361136827277090e-01 1.757894805632531643e-01
3.661934109796821657e-01 1.836879850315066565e-01 4.557321098440745843e-01 4.769042976651841070e-01 2.149573189874544044e-01 4.470755515459540197e-01 3.906853592724692237e-01 3.870403543817547143e-01 3.632533658023744949e-01 1.569691738654118707e-01 4.611414252909097344e-01 6.410920101579538066e-01 1.984584333824150337e-01
3.176286251186149490e-01 1.904473118099569984e-01 4.945089996541490729e-01 5.396258686204110644e-01 1.937567253108958831e-01 3.794578039675453596e-01 3.305019302732548625e-01 4.965062965251799687e-01 3.393447920937344153e-01 1.409517407525617272e-01 4.813209142718505307e-01 5.757282737399675998e-01 1.678878653032430113e-01
5.486868995217314415e-01 5.253325800020630654e-01 5.631986132507457166e-01 5.401979623639658890e-01 2.869911043570660403e-01 2.290085223767776013e-01 8.692254966644585856e-02 6.545688214334043353e-01 2.125769461982895958e-01 4.522055815778189269e-01 2.056087102430798619e-01 1.992273571416598443e-01 2.430929798012919640e-01
3.481937858227053262e-01 1.876538634302992725e-01 4.581981325051424081e-01 4.884374426562608229e-01 2.108036175208247154e-01 4.527702421720686266e-01 3.908116598751096848e-01 3.921136048464279877e-01 3.696431186937431113e-01 1.499388371212820870e-01 4.487290285353556785e-01 6.457704443551920415e-01 1.796605809264219811e-01
3.560548747399528424e-01 1.841704633184469420e-01 4.560502768658540873e-01 4.839351266507328497e-01 2.108903971460202587e-01 4.389973419557872125e-01 3.835390536023700059e-01 3.976245502642583585e-01 3.599594300252911272e-01 1.541187739247653066e-01 4.582340357734299152e-01 6.361830996421095064e-01 1.851580281278248641e-01
3.338368199372399037e-01 2.174823530379223213e-01 4.998119006954839794e-01 5.399695579568645210e-01 2.007594881250280017e-01 3.521723638640933407e-01 3.048353424761167663e-01 5.335630082900367777e-01 3.285697233480903146e-01 1.534556892356611357e-01 4.489904968810980446e-01 5.357354479690931148e-01 1.665856710067746271e-01
3.191719133125032193e-01 1.900148865234196349e-01 4.927774705926584176e-01 5.389627558984806388e-01 1.926528439153512295e-01 3.777951062944966409e-01 3.291613849968318406e-01 4.961363311789991348e-01 3.394654028526488121e-01 1.403723559694823875e-01 4.817331453666298113e-01 5.757434243672560070e-01 1.690468823989938196e-01
3.326279552844141341e-01 2.191337573252816195e-01 5.018601146790281353e-01 5.353886335982792621e-01 2.030329738331404510e-01 3.550544991540313111e-01 3.059141020472175843e-01 5.336754147832628581e-01 3.298282203518355660e-01 1.551796940437102923e-01 4.520675575808334457e-01 5.291691407443740447e-01 1.714895950289779814e-01
3.415295745148079765e-01 1.907608560157623423e-01 4.629721883161460605e-01 5.045133212007603118e-01 2.018044014403130859e-01 4.244055616974445888e-01 3.718202724941821469e-01 4.246442599643794891e-01 3.556184274762720365e-01 1.476208373136204954e-01 4.540369650344289187e-01 6.275624630319452946e-01 1.686372772201606141e-01
3.331031607162196484e-01 2.188041558718813451e-01 4.982658398662472843e-01 5.360082971243718131e-01 1.991335677733371556e-01 3.520648634836985313e-01 3.040709003900302632e-01 5.315117473520322156e-01 3.301846577258815696e-01 1.551302515815530247e-01 4.490464686882550405e-01 5.313949653990319710e-01 1.688948106409501326e-01
3.299244364739791768e-01 2.198054043615031983e-01 4.944429471384562680e-01 5.321925718482404255e-01 1.988024409438465812e-01 3.499617424457341919e-01 3.051065109163730860e-01 5.294191102603810206e-01 3.304617408480125529e-01 1.561992408622946971e-01 4.526240892205019017e-01 5.311074764395815606e-01 1.675833954201326470e-01
3.373884295124202626e-01 2.205262752008263494e-01 4.974179392579400893e-01 5.350093909953487215e-01 1.988051583738643102e-01 3.534432620990314300e-01 3.032247572316972839e-01 5.280483627657818202e-01 3.282596827031125652e-01 1.590317286518815321e-01 4.468373301646263451e-01 5.313771308361812107e-01 1.691841816035011825e-01
3.532318051414268800e-01 1.897973774365432909e-01 4.605549204556700360e-01 4.883418489132345108e-01 2.112293546897885677e-01 4.440824410669378386e-01 3.863348364397757306e-01 3.985237641049161894e-01 3.639150233087291575e-01 1.522617701261460010e-01 4.534030368445607362e-01 6.405960466617192095e-01 1.803528985431080423e-01
3.513469587619366674e-01 1.971922059333607313e-01 4.640128777068565080e-01 4.832606944489561962e-01 2.190167064899983806e-01 4.500840462872695014e-01 3.842070168473674663e-01 3.837704358552143091e-01 3.548460278648307709e-01 1.554506572675430076e-01 4.573109765665802628e-01 6.420451417742740752e-01 1.820077353187660174e-01
3.600720888117061591e-01 1.333318304645750019e-01 3.842105629195878280e-01 3.908258811930752086e-01 8.853769398992881179e-01 4.502626101337855458e-01 3.527042760262226184e-01 2.921243650039200834e-01 7.923712484874212425e-01 1.270243036585795293e-01 5.613823784702188791e-01 5.313856985958143042e-01 4.033361866173584276e-01
3.853088897260790735e-01 3.141288264371476235e-01 5.538398228843453008e-01 5.291278811049909825e-01 3.520743563649770813e-01 2.747720889562484392e-01 2.144972469013199656e-01 3.908268741314422368e-01 2.876848399846437809e-01 2.574404402041597928e-01 3.316405844792662538e-01 3.551917654020163573e-01 2.097872702252528698e-01
3.612779516236561128e-01 1.837181996613033996e-01 4.532591263180906771e-01 4.780440294980696225e-01 2.136394136949725797e-01 4.472535077161315931e-01 3.899680615367391301e-01 3.870768520699918724e-01 3.635295586504794785e-01 1.559337675301262494e-01 4.593663144765830486e-01 6.403399225897514757e-01 1.912392025739392820e-01
4.311661208609093299e-01 1.810723266122843955e-01 4.653747027572496808e-01 4.288271402189455794e-01 2.524784289353587674e-01 5.253800539772156553e-01 4.511360244806432718e-01 3.251140722136798278e-01 3.994914285334706938e-01 2.065154825199757571e-01 4.612892602167042444e-01 6.624683115594882654e-01 2.704738143106967807e-01
3.608049924926536867e-01 1.925409984307385747e-01 4.619353715838355745e-01 4.825553694624722945e-01 2.172012376477537032e-01 4.540302926481798451e-01 3.953287164417375044e-01 3.906082018181892268e-01 3.717686141949816392e-01 1.546074328827869993e-01 4.550177627886697884e-01 6.415313911358160315e-01 1.873689138180391622e-01
3.627367949015217197e-01 1.795842997847574285e-01 4.487800264561717656e-01 4.773960758346258437e-01 2.136438797511484577e-01 4.402821361777726206e-01 3.866431406475131505e-01 3.890356571185139001e-01 3.572401680178611261e-01 1.564731901565585281e-01 4.623834785922029678e-01 6.357622124432098509e-01 1.942207243601750122e-01
3.387269166365609041e-01 1.888049365032332116e-01 4.619869351720705675e-01 5.025788362260390496e-01 2.016938862735000726e-01 4.210836078489905709e-01 3.673440441511323651e-01 4.266206898445368267e-01 3.527871493238380340e-01 1.473874595312643365e-01 4.546308940848169389e-01 6.249012892738312619e-01 1.695150743225674328e-01
3.438726529871163340e-01 1.827809139791685134e-01 4.648311851984437970e-01 4.960044805805401413e-01 2.135839768806877537e-01 4.442912695736721540e-01 3.813401883633075751e-01 4.044911185376135476e-01 3.635493558523031354e-01 1.485965093013706384e-01 4.448485285104290532e-01 6.475451993431908804e-01 1.728479905099144509e-01
3.387983063578999809e-01 1.894534321473322624e-01 4.669536353651692062e-01 5.018906482860215901e-01 2.046795762346490521e-01 4.163108413075579106e-01 3.702736927770108877e-01 4.259738537992508456e-01 3.545708721312650358e-01 1.480788987482748453e-01 4.572435719513796015e-01 6.316027859491961660e-01 1.677628984608715568e-01
3.481834396572882073e-01 1.891807048460063811e-01 4.601580317015136479e-01 4.947688610667421161e-01 2.073547744556613615e-01 4.354356501090886900e-01 3.793701658335824067e-01 4.100196419881199650e-01 3.601190697655892725e-01 1.496402675606971489e-01 4.533947342647073331e-01 6.357963792229199829e-01 1.748519115051661021e-01
3.324977323189639011e-01 2.179286670374703250e-01 4.975671500665035385e-01 5.369384595589096199e-01 2.031807363344579065e-01 3.504733637279874858e-01 3.055281399889580585e-01 5.347276590691762976e-01 3.279870959918327333e-01 1.547025212469358424e-01 4.497000602444213291e-01 5.324738152811708813e-01 1.655632441561724899e-01
3.384500949006332693e-01 1.904096678709206458e-01 4.630997352909675402e-01 5.049754558491146295e-01 2.021251063105528600e-01 4.233619616591725032e-01 3.673630968633427307e-01 4.280524954709382102e-01 3.520377895997525708e-01 1.465964282532270235e-01 4.531700119008953975e-01 6.225850326401409784e-01 1.682479657018862707e-01
3.313737975505465227e-01 2.185814964459532050e-01 4.964970342593840735e-01 5.354840305299899406e-01 1.962665764908508859e-01 3.508380273023844476e-01 3.038148906052196563e-01 5.309766731337525192e-01 3.333066523132301451e-01 1.524453878485849123e-01 4.445600302936557058e-01 5.318844646960677602e-01 1.682191959097678602e-01
3.442417980122725596e-01 1.890428250898485707e-01 4.625815660568242671e-01 4.983299246883576838e-01 2.046296805770986826e-01 4.288260828735755981e-01 3.738732219147858915e-01 4.191440661912256838e-01 3.571580164648640032e-01 1.493700827970948497e-01 4.543375031628865690e-01 6.303179143235470017e-01 1.724273227420921040e-01
3.647486799768031585e-01 1.869862735109513729e-01 4.607749836420377276e-01 4.777671268215666345e-01 2.183927093004888742e-01 4.575490487021383057e-01 3.970484022202878105e-01 3.831350605886534311e-01 3.689570070365745247e-01 1.583347455707677376e-01 4.555216895972901137e-01 6.447851336812736589e-01 1.969868334426415624e-01
1.847338380010213887e-01 5.301947490134545360e-01 3.374364337271308356e-01 4.739083752633773683e-01 3.348497334113547108e-01 6.832213878254246309e-01 4.688065059486796748e-01 2.473228534141045376e-01 8.241871972568333149e-01 1.416942862945629600e-01 2.646387258712089019e-01 6.202589690592736904e-01 1.880933803013028760e-01
3.471986634779329339e-01 1.899742802030779387e-01 4.616172396612756579e-01 4.948937745678441136e-01 2.076042800554600831e-01 4.371193304336790098e-01 3.811356482775842269e-01 4.067718381532204330e-01 3.607054919192467790e-01 1.495832484612819868e-01 4.513658356466671573e-01 6.388477826484174615e-01 1.731013801206599534e-01
3.348503469961303658e-01 2.195309585787673101e-01 4.945495729742417357e-01 5.346929613055575459e-01 2.004348511963262580e-01 3.516523255744311016e-01 3.056066888321277708e-01 5.294054616813740344e-01 3.296719099878955284e-01 1.559863288793175984e-01 4.423582281011565476e-01 5.332226946840898929e-01 1.650077583500866307e-01
3.379226600751282783e-01 1.876542471582069993e-01 4.614408425501184130e-01 5.037917463953809349e-01 1.996773344808784600e-01 4.203702076689485034e-01 3.674916532548843096e-01 4.263932148416368362e-01 3.553187082013356535e-01 1.463323187610649501e-01 4.559136703815094283e-01 6.266927587622332929e-01 1.702260318000139439e-01
3.385112379113899839e-01 1.888452071941313926e-01 4.624903734753476048e-01 5.031341356153302691e-01 2.000403465531037650e-01 4.217922585590839768e-01 3.687997511750134016e-01 4.263183469356933708e-01 3.540428673399741988e-01 1.471728898925843965e-01 4.536867019572727311e-01 6.257971717379884335e-01 1.685539371226253968e-01
3.181151463577407412e-01 1.907035853396139569e-01 4.930286275961854869e-01 5.377851523173621251e-01 1.939237484374367049e-01 3.789925847762537492e-01 3.299196731596426568e-01 4.971362945869705063e-01 3.402970492834671568e-01 1.408166200064206730e-01 4.829769446805585176e-01 5.738421988293133102e-01 1.682623443020605514e-01
3.514501843013263516e-01 1.856018801186631317e-01 4.632341656136639840e-01 5.002402852759841867e-01 1.961284564079149861e-01 4.371390132040813281e-01 3.893212991047508842e-01 4.293600571043085790e-01 3.560770777912005691e-01 1.558321525466726809e-01 4.619099342120371876e-01 6.390055271732064668e-01 1.593640137187466999e-01
3.422594817110191090e-01 1.907082798545895186e-01 4.624199351305322003e-01 5.021381049810611508e-01 2.055171823493488481e-01 4.246102689363961957e-01 3.709822223818916020e-01 4.219663400765297778e-01 3.535262380471759780e-01 1.483698150495849077e-01 4.545179804940486235e-01 6.280926248818148316e-01 1.699197322160760359e-01
5.452827445108835436e-01 5.252958252237330816e-01 5.632107094264315883e-01 5.406673648085604800e-01 2.871095398858533598e-01 2.289924085690190070e-01 8.745256966969217061e-02 6.530732885640079255e-01 2.127265389399068396e-01 4.500233403076465688e-01 2.055538191036055951e-01 1.997088901016302320e-01 2.439090736784036428e-01
3.415687538291279912e-01 1.952318052205409549e-01 4.612538673103174225e-01 5.027644348225182025e-01 2.027339854318162549e-01 4.240648284618711017e-01 3.687430725075335203e-01 4.272252594863222286e-01 3.550920362704748645e-01 1.486361287534236908e-01 4.515157440995298255e-01 6.246034481832176688e-01 1.694969620380268882e-01
3.504747905915504558e-01 1.945857469861215217e-01 4.631407978909617418e-01 4.919595536679874925e-01 2.117938546909262088e-01 4.484245876299923772e-01 3.893976317510354779e-01 3.981167606675540260e-01 3.673515906381165652e-01 1.510599309359215991e-01 4.461192213059441136e-01 6.451238842677639029e-01 1.762652082943999277e-01
1.394736842105265828e-01 2.588932806324110714e-01 1.000000000000000000e+00 9.226804123711339622e-01 5.326086956521739468e-01 7.586206896551724865e-01 1.000000000000000000e+00 6.415094339622640085e-01 4.605678233438486591e-01 4.027303754266211011e-01 3.658536585365854132e-01 8.864468864468864062e-01 1.333808844507845814e-01
3.381294805675249537e-01 1.906472806747001592e-01 4.629504507081333431e-01 5.054969061598105773e-01 2.008146972116462425e-01 4.210845012522849151e-01 3.670238538292522890e-01 4.291729088345507259e-01 3.542087345598162740e-01 1.466288890988795002e-01 4.534506216844945703e-01 6.244284898228602554e-01 1.680749547281999157e-01
3.816247025247371250e-01 4.178433771012350917e-01 4.855101631305039356e-01 4.989332846400674759e-01 2.276546581786177414e-01 5.140896701526422863e-01 4.349194179954790074e-01 3.556524960765770071e-01 4.530868928441438293e-01 1.546608067635658612e-01 3.708674713754619434e-01 6.759868680544289798e-01 1.813949588964953730e-01
3.796889392720338430e-01 4.153544074560564514e-01 4.852835843499186952e-01 4.985370487159335173e-01 2.276679009857577041e-01 5.148059320339033462e-01 4.353413148590349335e-01 3.546381601690367091e-01 4.545931118110426716e-01 1.545716836369879776e-01 3.711116271640271802e-01 6.767679068997405345e-01 1.812048307762290644e-01
3.460810562577345539e-01 1.926285651817977174e-01 4.599081500468247263e-01 4.976650548081116288e-01 2.079311432797745218e-01 4.393770906464036230e-01 3.823265910595861627e-01 4.064800434324116751e-01 3.626106178376248268e-01 1.473523061245730348e-01 4.445866740846294851e-01 6.423209604070326817e-01 1.685142408851826312e-01
3.459695363907437926e-01 1.900499575180572276e-01 4.603376095706128712e-01 4.953638934914369463e-01 2.075624480114682813e-01 4.412706703204534175e-01 3.832819975931236467e-01 4.048251064037377001e-01 3.630378291786469647e-01 1.485992715894260408e-01 4.482073679838965430e-01 6.407863784636005366e-01 1.730700481494359955e-01
3.333301938248040552e-01 2.189390440146353201e-01 4.974996833686957665e-01 5.358447481150655500e-01 2.003510296975570815e-01 3.519560064782134012e-01 3.049161937391409172e-01 5.315508947479034019e-01 3.296029915364879770e-01 1.552056921535090173e-01 4.479301577711324867e-01 5.323353598931654940e-01 1.674768731945330547e-01
3.382995142871022543e-01 1.906958033207420966e-01 4.628496046120768037e-01 5.084039606333989880e-01 2.023085968913105603e-01 4.211705573465162056e-01 3.675159184706205395e-01 4.293932303311830401e-01 3.534442013589010334e-01 1.458244350581484050e-01 4.545856222587948414e-01 6.250497657100365645e-01 1.664002932533063805e-01
3.334934782762979943e-01 2.182363353030853936e-01 4.972692465367303249e-01 5.360262366669118483e-01 2.001677666327265626e-01 3.522402495235869568e-01 3.050443006901286114e-01 5.310595506436309732e-01 3.295864362498904798e-01 1.550651295099284566e-01 4.482670181607791848e-01 5.329771121683906099e-01 1.673748422817835646e-01
5.345167211232412230e-01 4.747482039418123301e-01 5.613002534087293549e-01 5.500190256513923792e-01 3.430986249808009036e-01 2.003134200754896621e-01 1.210487810737661540e-01 4.648605288520624157e-01 2.097407138734458942e-01 4.810107921952628818e-01 1.733125323482705982e-01 1.387974630052824232e-01 2.395998542191651315e-01
5.360797580031337883e-01 4.738073458470838939e-01 5.624833828265364266e-01 5.511388721601573337e-01 3.426283329343317030e-01 1.984159582679898837e-01 1.200810953648257240e-01 4.652294012890225705e-01 2.093779370488588198e-01 4.838365879269005410e-01 1.712628380139098183e-01 1.373875299767670088e-01 2.400145313279630765e-01
5.355334808261841273e-01 4.779459910077069051e-01 5.614253092867839134e-01 5.508788389678248576e-01 3.423962122664820917e-01 1.993979696090812659e-01 1.197783797482010748e-01 4.637377079563074767e-01 2.082709943324258517e-01 4.818596305345890229e-01 1.715571667247298981e-01 1.369985936621810618e-01 2.401178322619977323e-01
5.361835865360549125e-01 4.772193896309969707e-01 5.617541118031428304e-01 5.507319031073411031e-01 3.422228771833824568e-01 2.003811579715492619e-01 1.199506293715144334e-01 4.675324587364881879e-01 2.099030455450047739e-01 4.835273192939387732e-01 1.721159893152107156e-01 1.381862944177712216e-01 2.399379162868857107e-01
5.470573758559400535e-01 5.259864503759780208e-01 5.623675558103748973e-01 5.402158425302370226e-01 2.869437987291071912e-01 2.283342204179117374e-01 8.766440518238710622e-02 6.507999536686769337e-01 2.140416113488238237e-01 4.553583831460383258e-01 2.032388928630275982e-01 1.976318956598393795e-01 2.436908029311120050e-01
5.499390228602447639e-01 5.139553280392654688e-01 5.588640231330366248e-01 5.387318408471946096e-01 2.855640387000596969e-01 2.321563408549490171e-01 8.619836206599000572e-02 6.531899672985638228e-01 2.194479570697628890e-01 4.672875445210548651e-01 1.967266622279596477e-01 1.901705896178254029e-01 2.432153495274398947e-01
5.518928265493168173e-01 5.409647851976245869e-01 5.652934506057417652e-01 5.399329091335849373e-01 2.858794172010992174e-01 2.236295757365637238e-01 8.261615822665423214e-02 6.553808673513386029e-01 2.141213395033466638e-01 4.622327091439337732e-01 1.985860152919663446e-01 1.814521253108978271e-01 2.492843348261888359e-01
5.595083806823055728e-01 5.454056458216410830e-01 5.598332552478355595e-01 5.413013645399784579e-01 2.871323734035958197e-01 2.282231534991798760e-01 8.347778800159755264e-02 6.578092956036890593e-01 2.161667660107889632e-01 4.687242762220596992e-01 1.979077444941835240e-01 1.939325980806293204e-01 2.433881460185483014e-01
5.455802578675120751e-01 5.350981087243485979e-01 5.798914168767113075e-01 5.531703779838749169e-01 2.971078176861223774e-01 2.235268148433032231e-01 8.416439363347828773e-02 6.470379851899056289e-01 2.178748050698722794e-01 4.654326857204322820e-01 1.968730042983846684e-01 2.002930989430964925e-01 2.464039668828759133e-01
5.450401146332488622e-01 5.248551031778447840e-01 5.618426079978856569e-01 5.395457979292278550e-01 2.855534815563536832e-01 2.282579465869589153e-01 8.799019063806223784e-02 6.529510760908279199e-01 2.139595083192568359e-01 4.518018356308264316e-01 2.047341349146639677e-01 2.001374264993114327e-01 2.431743090588178446e-01
5.449612597585655749e-01 5.250824122366877234e-01 5.631209517148060284e-01 5.413767304301464467e-01 2.880411082043555226e-01 2.291343005019386980e-01 8.793637491671764395e-02 6.502435919125828523e-01 2.131770566066915062e-01 4.512004630350898160e-01 2.047409815070166672e-01 1.984714566552568393e-01 2.444190440831110478e-01
5.488387162748135095e-01 5.205988544352323499e-01 5.606750346555867681e-01 5.410464033388446836e-01 2.948311407766912584e-01 2.251830506877138538e-01 9.093449614501954159e-02 6.289548140528768982e-01 2.149872176425549064e-01 4.652788147851569800e-01 1.970933612012039093e-01 1.851508879399562102e-01 2.436847515382967178e-01
5.453826992438590704e-01 5.280797438228524987e-01 5.636487771196038166e-01 5.411262200004223200e-01 2.868852277802627637e-01 2.287716156616405871e-01 8.688762810750262633e-02 6.549896647503493652e-01 2.125676342393404139e-01 4.499087869396286576e-01 2.048019315892209979e-01 1.992722726614647999e-01 2.441364762977100700e-01
5.605269578726665980e-01 5.523471483945103788e-01 5.584514903671601305e-01 5.410667443551968603e-01 2.887155480844819100e-01 2.313747940649246715e-01 8.525460869671171171e-02 6.494499572886609506e-01 2.162580240153552102e-01 4.635136936339883662e-01 2.023869324324092944e-01 1.909002254584005187e-01 2.471855899582108274e-01
5.672232352491273222e-01 5.345180677139018677e-01 5.609050552051932925e-01 5.483556523692276752e-01 2.997160989638675832e-01 2.288254374479633813e-01 8.992450797573138532e-02 6.145418516079068638e-01 2.218220535260316817e-01 5.138962808746125877e-01 1.760046010869139033e-01 1.630121833698270906e-01 2.510288239049176529e-01
5.483163499420411480e-01 5.274630460893670048e-01 5.603547302338687253e-01 5.370617338369803040e-01 2.937738730511425533e-01 2.209511983368931398e-01 8.877652166764947450e-02 6.283153229797223682e-01 2.096441949567866558e-01 4.635626456856015154e-01 1.973388110310202725e-01 1.867476646897583969e-01 2.457967932910967712e-01
5.585377537645401791e-01 5.349195268549937765e-01 5.629983071516700965e-01 5.453201951363038091e-01 2.951492907722358949e-01 2.266222117468714714e-01 8.747737668454647064e-02 6.339243425513213515e-01 2.188838170283130546e-01 4.852444656612828200e-01 1.897473467998509467e-01 1.784503482343567926e-01 2.476501203774502669e-01
5.546276026650478475e-01 5.428520530070743977e-01 5.636645037890037901e-01 5.464365124155182718e-01 2.897229199500187535e-01 2.306181164394164873e-01 8.755806544874224218e-02 6.351894426493429613e-01 2.156158343268916866e-01 4.865117971872776614e-01 1.842354442469957831e-01 1.795467555816302740e-01 2.470621856155515716e-01
5.710981895951064979e-01 5.350938050588041062e-01 5.596704540499062297e-01 5.501429731177512883e-01 2.922962617291056664e-01 2.348221580594264113e-01 8.942320426119949872e-02 6.190389282962983630e-01 2.269544972750220380e-01 5.200535074168809446e-01 1.699701466378037151e-01 1.616098640534358588e-01 2.507409161015197174e-01
5.687596789763408323e-01 5.399546638270794618e-01 5.598074859867980813e-01 5.497463297308303742e-01 2.952014727887454781e-01 2.300870216789352718e-01 8.994407256563408115e-02 6.164980713840363391e-01 2.226969195226248255e-01 5.123884395775986089e-01 1.772715850048126873e-01 1.647111229543513078e-01 2.468561652146702423e-01
5.506614259851630999e-01 4.889234260711386448e-01 5.695128765279822147e-01 5.605935259198905340e-01 3.561121870095477204e-01 2.084514684840667320e-01 1.236851739991097765e-01 4.696303053277108841e-01 2.258514172612587911e-01 5.375900093799594881e-01 1.548122551604041441e-01 1.247004394442008945e-01 2.398762386948612158e-01
5.526811430167166694e-01 4.889829448413236523e-01 5.701889088187261923e-01 5.616242285733775708e-01 3.548300971692103789e-01 2.096225013394422687e-01 1.235382636681882640e-01 4.711109060367990597e-01 2.260426193745840862e-01 5.361199174083024488e-01 1.552428856816732150e-01 1.240265820271562458e-01 2.390215793554947288e-01
5.510759259129898169e-01 4.875481212672707620e-01 5.702705578876187120e-01 5.617427760459118291e-01 3.563620976165111642e-01 2.095319832107133129e-01 1.240145660992583998e-01 4.684713255385604680e-01 2.260448986744393318e-01 5.350251689194875926e-01 1.556102200494076104e-01 1.242302558388034134e-01 2.393218570121853905e-01
5.706450784284818889e-01 5.380424980493814235e-01 5.601039097350547502e-01 5.493137612362806177e-01 2.950063001253115935e-01 2.319534301115521169e-01 8.815179613933657454e-02 6.269997614523711293e-01 2.262102577024454608e-01 5.157489184887742439e-01 1.768623046592120995e-01 1.659306549712769863e-01 2.519637844066923149e-01
5.475444586359357046e-01 5.166011804957753029e-01 5.605564859601106509e-01 5.394913582035254507e-01 2.887940791678493269e-01 2.286962172385819114e-01 8.896866319273727397e-02 6.443348153722736615e-01 2.157382345942917001e-01 4.649982703198064504e-01 1.988488442749087870e-01 1.901888678563782853e-01 2.450436595300898301e-01
5.672601950073027366e-01 5.554810140130991281e-01 5.611529579041537596e-01 5.486395707859216264e-01 2.897264595376327634e-01 2.306902659633437991e-01 8.581596158345658476e-02 6.423930844845565646e-01 2.224658709443586013e-01 4.964748457131379356e-01 1.834722461609067656e-01 1.722305788800720383e-01 2.472933021046224145e-01
5.643501267621391371e-01 5.498508310659601106e-01 5.583437816663221476e-01 5.626417572043606041e-01 2.912329555205677156e-01 2.204167816145666814e-01 7.936130964711998748e-02 6.286769299152886736e-01 2.081418177494868127e-01 5.226674076335013908e-01 1.853755218226735002e-01 1.643466229308327975e-01 2.629811162721583662e-01
5.587006805562657608e-01 5.402222196939641119e-01 5.617354378343266674e-01 5.486178378545746304e-01 2.865803806394662812e-01 2.297277359934202234e-01 8.495245374078991274e-02 6.507161156327093687e-01 2.177013439186540333e-01 4.788759219426018676e-01 1.907949849766323591e-01 1.885673881358306547e-01 2.513137245324896241e-01
7.433476794339519689e-01 3.180604104528741427e-01 6.570364423812103949e-01 6.586397744201546445e-01 2.908618652263217363e-01 4.725876839462153089e-01 1.562942811440212743e-01 7.050868397807035226e-01 5.238660519468166799e-01 8.140274139586836100e-01 1.097523497201774723e-01 2.117503773661555400e-01 2.617831813436512500e-01
5.701125807520983635e-01 5.351621001929398602e-01 5.611029601429295965e-01 5.500123622988053462e-01 2.958421510360811357e-01 2.323869957909758810e-01 9.014019791507416057e-02 6.187187151298066956e-01 2.263033542758565719e-01 5.178625064587328852e-01 1.744099803518776304e-01 1.629068163410820613e-01 2.506445695586955180e-01
5.591969136381521599e-01 5.410598425577457515e-01 5.619303358676419613e-01 5.460003818764553873e-01 2.902046665194970565e-01 2.286659486784503037e-01 8.652177021174617400e-02 6.404450604041932449e-01 2.179790752665735076e-01 4.831183543516188728e-01 1.892388264896591177e-01 1.806896803771604887e-01 2.471612562563605398e-01
5.545489595271646532e-01 5.371762044587919949e-01 5.622165969094848892e-01 5.443486650378357439e-01 2.894869707119853697e-01 2.274843437340239305e-01 8.638207606366100910e-02 6.429237861467419490e-01 2.166309205594209031e-01 4.749769109071616535e-01 1.924292320476436169e-01 1.848251595103860834e-01 2.458441166390535892e-01
5.453343063851781025e-01 5.256039088126273073e-01 5.633438038518329138e-01 5.407343172857096425e-01 2.869138484112108700e-01 2.290599897351669190e-01 8.703750038037139092e-02 6.536654846848181100e-01 2.126461582380267945e-01 4.503116447704211267e-01 2.054960610651661024e-01 1.995120080581937461e-01 2.443866650857162981e-01
5.539135821273944993e-01 5.291649168081169474e-01 5.608535395654411504e-01 5.424399377667759037e-01 2.950244505646760218e-01 2.249626685544077465e-01 8.965852060296300441e-02 6.265281102145617842e-01 2.154577665004515086e-01 4.772272392624270498e-01 1.910970374557679485e-01 1.801632158483818524e-01 2.459994673969080337e-01
5.668976715165434666e-01 5.370268189199194353e-01 5.592498182727491107e-01 5.479568372985837987e-01 2.985986011588702693e-01 2.284767895567648699e-01 9.088728254889864855e-02 6.112166219830230673e-01 2.227700362564982994e-01 5.150707252764654687e-01 1.762863088207985429e-01 1.623769495512559780e-01 2.494541832469084897e-01
5.588717421663828011e-01 5.421297785240730693e-01 5.612744315462634415e-01 5.457319614871107838e-01 2.899574498524484234e-01 2.286842934915731818e-01 8.645926455609530270e-02 6.410617532454571110e-01 2.184685897449331060e-01 4.827230486783608554e-01 1.894792357982114095e-01 1.804841656729087584e-01 2.459870517392046541e-01
5.655154787984332243e-01 5.370061314626130011e-01 5.587895430623239790e-01 5.478458112038518957e-01 2.983628034935859041e-01 2.283589043008195651e-01 9.033005631097518195e-02 6.143334702992776508e-01 2.220792483644154491e-01 5.101259443146071160e-01 1.774449576926607208e-01 1.640560457469288358e-01 2.501861186128955805e-01
5.694482571739508669e-01 5.374929815532617505e-01 5.597275223758538809e-01 5.503996458269425629e-01 2.999996292719910862e-01 2.288970712708823241e-01 9.152078557490465893e-02 6.117591563137775301e-01 2.238554843897528901e-01 5.115766919697968262e-01 1.756359108187053875e-01 1.611432026282392793e-01 2.489479730032270188e-01
5.661062255446603908e-01 5.364504764332775899e-01 5.585681708923504463e-01 5.474683378886711083e-01 2.983101782016962522e-01 2.283174891827692565e-01 9.053847157417987956e-02 6.130223676105434061e-01 2.229006619338914086e-01 5.128782047538893440e-01 1.768182704274398886e-01 1.632860004202541238e-01 2.502656467985903133e-01
5.668666255641975349e-01 5.366744373553696823e-01 5.582627164247260243e-01 5.472572972018694415e-01 2.996972151690304176e-01 2.280141732812024369e-01 9.094819661270614475e-02 6.115833228615437100e-01 2.240899307025326914e-01 5.155290362153777117e-01 1.759774500307271505e-01 1.613903365394521450e-01 2.515683950399821289e-01
5.500321265653167480e-01 5.230330406124943377e-01 5.600935171537578805e-01 5.400454856349712340e-01 2.943382129052896645e-01 2.237107617523649838e-01 9.042802559730560297e-02 6.265254913354819655e-01 2.137846423824220909e-01 4.691069839496813665e-01 1.948376305901059757e-01 1.834000911360654518e-01 2.453651399836249691e-01
5.672194329666365720e-01 5.342079880444901008e-01 5.613083966713855455e-01 5.495414367310472725e-01 2.973799151570900579e-01 2.284212817931708106e-01 9.052374224642188716e-02 6.164348319256326425e-01 2.199974378647300277e-01 5.063459230251685650e-01 1.789813376281682855e-01 1.656330944407362338e-01 2.471696882749164770e-01
5.681487681442185522e-01 5.360401388802547018e-01 5.630773253948053725e-01 5.514646621790628700e-01 2.944043189611124101e-01 2.345893093994979028e-01 9.212570073955420047e-02 6.140356302647939080e-01 2.266353556757046972e-01 5.156537436533705776e-01 1.743747932397253231e-01 1.601460411353207158e-01 2.501274991259722635e-01
5.665941609143233526e-01 5.534890934589352662e-01 5.611866056584249307e-01 5.484174027482106029e-01 2.901092813724813757e-01 2.305501672933038537e-01 8.604818014383810998e-02 6.411085612852266413e-01 2.220534577665334020e-01 4.960491968912418281e-01 1.836793281401060962e-01 1.725489017724199381e-01 2.473429553585639318e-01
5.737924257391379124e-01 5.484368079912521621e-01 5.620254570827445395e-01 5.519025615349258951e-01 2.934757629814355173e-01 2.291559177739866948e-01 8.839666738444033889e-02 6.254322444492915745e-01 2.264536193539667397e-01 5.170842199157223984e-01 1.742608418264161019e-01 1.613413829342786321e-01 2.494315719085821170e-01
5.653889175823055835e-01 5.335337565438785790e-01 5.639153000833914131e-01 5.494287270025264291e-01 2.938926817201401587e-01 2.295469735668779765e-01 9.173168343460413876e-02 6.161725487964192505e-01 2.243636736634543327e-01 5.100531336444560360e-01 1.778500118080859616e-01 1.658254310475055227e-01 2.476647696975942670e-01
5.694085653822281712e-01 5.325975900317133638e-01 5.633970924259666946e-01 5.446781795375894575e-01 3.101155787058498259e-01 2.280001593629251422e-01 8.959573714989964299e-02 6.268010176015350599e-01 2.244078140578758540e-01 5.060654474682979576e-01 1.786286247916883119e-01 1.676487561363058654e-01 2.540850050975907437e-01
5.718116494581889642e-01 5.380888129087539884e-01 5.655494877162146050e-01 5.516991560760233781e-01 2.917379004394878295e-01 2.302453985678609705e-01 8.726569251864675636e-02 6.324190017942972197e-01 2.172405581909587768e-01 4.969923020985751450e-01 1.797028521333283724e-01 1.699468952010048106e-01 2.436747995820348067e-01
