7.355698656878975061e-01 1.981122016505496575e-01 5.482867538808680052e-01 3.283878988634372775e-01 4.128861451602500177e-01 6.414754930979988945e-01 5.576234910075202889e-01 2.641705267333408491e-01 4.827215842879157837e-01 3.744459111424664477e-01 4.427120945988056722e-01 7.533059288976174939e-01 5.560712110485015458e-01
6.918260326903116209e-01 1.985821274919951085e-01 5.572353277733939070e-01 3.212173711700537782e-01 3.679678793794111114e-01 6.064237461457478995e-01 5.321076480192348246e-01 2.899927981900718987e-01 4.336460921149524750e-01 3.412461121750950399e-01 4.704897646201638972e-01 7.149568665158617664e-01 5.771350858205950285e-01
7.531682669332153690e-01 1.780384268920883195e-01 5.724985844351071496e-01 3.496604312229878997e-01 3.956262397215418170e-01 6.542212874724946392e-01 5.597792470961306943e-01 2.989612751341652608e-01 4.427920094799919770e-01 4.104432621811843207e-01 4.784756972325769908e-01 6.602646555212554613e-01 6.279081509017800933e-01
7.434243024964080071e-01 1.958777813402854950e-01 5.869359906742916966e-01 3.576281764976604327e-01 3.921922144034634683e-01 6.506892998783111448e-01 5.578274620296080899e-01 2.879200509556059107e-01 4.683945350207929792e-01 4.028677162690462721e-01 4.569675329678911657e-01 6.732639382651328663e-01 6.333743135854017492e-01
6.845915464194198830e-01 2.020747994805277559e-01 5.983356079485088186e-01 3.622810223053412049e-01 3.730592555973840652e-01 5.975905358887694252e-01 5.240027758112091316e-01 3.144601659392410875e-01 4.268700930272297245e-01 3.320606654738759156e-01 4.853827722476629081e-01 6.750252125000124614e-01 5.704602642707559124e-01
7.500663885160494537e-01 2.035947279837130031e-01 5.960520419844970164e-01 3.416206471852420434e-01 3.964079738311145351e-01 6.624659832181601926e-01 5.826978566683043148e-01 2.988220692243216403e-01 4.827571842284750225e-01 4.282381714610922763e-01 4.756663204511492049e-01 6.462229686233150749e-01 6.694675671221016477e-01
7.517989867611937216e-01 1.954439952012461124e-01 5.613517023244485316e-01 3.117218416222592436e-01 3.534197810551394370e-01 5.969979261016024052e-01 5.279659292806049287e-01 2.801973734683584905e-01 4.564018349401206542e-01 3.603515945845394697e-01 4.667874570572522197e-01 7.302757409902719266e-01 6.260623317451007308e-01
7.200037751542895936e-01 2.057655467817434691e-01 6.162083828473153835e-01 3.412565318003451531e-01 3.896484653586926861e-01 6.119706278987999681e-01 5.363117063473045176e-01 3.053155975100004249e-01 4.296325215781900964e-01 3.542010608437524688e-01 4.834317107329039742e-01 7.181806025596765286e-01 6.160641236180245395e-01
7.688082605600357056e-01 1.907732536567176285e-01 5.395170430687659113e-01 3.029334738696973783e-01 3.663647874541904881e-01 6.270348200438029540e-01 5.549688757974889919e-01 2.834555051939666726e-01 4.838327865354270507e-01 3.815719695958871283e-01 4.605659446792632616e-01 6.855656775089847832e-01 6.035807089409797044e-01
7.307538019885356784e-01 1.905550116824037965e-01 5.470503641113160231e-01 3.272217974863639856e-01 3.955297916317763729e-01 6.457472590344219832e-01 5.620508928103411517e-01 2.584328551618557679e-01 4.793186917407468162e-01 3.847327015613786205e-01 4.375044316852207960e-01 7.365673551806708463e-01 5.761760218064306827e-01
7.363508654170130008e-01 2.057097842291056855e-01 5.716912517732476440e-01 3.555614944432199942e-01 3.961463156308088207e-01 6.421854372296869062e-01 5.672506175511359272e-01 2.832817409960728394e-01 4.693617728018798507e-01 3.798653322682038480e-01 4.908148805058100139e-01 6.703456365895685831e-01 6.378142729935670774e-01
7.049420560661113777e-01 1.971023266310454047e-01 5.867213022143126233e-01 3.496216531343682155e-01 3.643649421308351455e-01 6.003338188703718492e-01 5.307364379319083891e-01 3.007324161710885346e-01 4.353535615131024494e-01 3.534082875622009956e-01 4.842148073381039586e-01 6.669694225648383767e-01 6.122932792528295032e-01
7.244450031534621637e-01 1.894580080052432891e-01 5.749778060322219275e-01 3.451962230592659497e-01 3.537123993687008028e-01 5.909921733983631853e-01 5.283649643403693918e-01 2.947307151461124874e-01 4.352413235373254752e-01 3.657004060279323010e-01 4.919263848928900895e-01 6.444582885247228665e-01 6.450848957887729274e-01
7.559531675357566982e-01 2.028848734562811729e-01 5.797142064507633252e-01 3.281717648364834150e-01 3.864449043150829377e-01 6.549642355406078975e-01 5.739769886723299352e-01 3.051495504969695682e-01 4.922839476835652039e-01 4.056654115566672436e-01 4.782023551321127330e-01 6.604077631860097997e-01 6.468008724008068588e-01
7.515252930553337762e-01 2.131286560532015262e-01 5.782944360239938852e-01 3.593925194641978682e-01 3.900019536199776926e-01 6.873728960752486516e-01 5.983183907368515575e-01 2.821368176208913781e-01 4.725889122636536266e-01 4.205785903812674364e-01 4.652993375571762291e-01 6.679959265112658251e-01 6.570363873124293042e-01
7.173521877511553901e-01 2.038161870158413935e-01 6.347269890381691537e-01 3.630741091694721367e-01 3.987153478614661739e-01 6.336137043119505208e-01 5.581517500747860128e-01 3.341079930476140714e-01 4.449438091473248424e-01 3.989584738890872284e-01 4.967202935519258178e-01 6.230268382873289656e-01 6.704925942246652282e-01
7.234381506366559522e-01 2.038167644965760694e-01 6.196824598380111793e-01 3.641437673845242529e-01 4.001561814271237250e-01 6.357099409311495197e-01 5.612521802236322133e-01 3.224944760671483168e-01 4.517564108060549977e-01 3.946746235789648227e-01 4.894352389378398005e-01 6.320710166838470201e-01 6.451152781842970363e-01
7.238202635015018593e-01 2.018634573990854830e-01 6.204950547313945464e-01 3.681975891717623739e-01 4.015270687801682503e-01 6.377018701445698046e-01 5.611618462201396484e-01 3.241565095717614531e-01 4.528706118869169628e-01 3.967173001430959745e-01 4.926541705040367036e-01 6.288149603420778444e-01 6.473508446205662459e-01
7.391735778631347564e-01 1.982968796758725061e-01 5.888531337701341517e-01 3.477033623830252385e-01 3.928611574127622297e-01 6.458415009081363012e-01 5.694535331651254806e-01 2.951504879297231487e-01 4.706428912747357973e-01 4.058234679286999436e-01 4.741397545582092254e-01 6.568291330123285920e-01 6.393589079380035400e-01
7.017637983944856606e-01 1.941190007558689645e-01 5.733726271652282991e-01 3.325637903294919595e-01 3.868516217917203903e-01 6.085265114646534190e-01 5.493271066905450750e-01 2.492195133049532885e-01 4.554747928592026707e-01 3.546391613431807976e-01 4.658790003599190266e-01 7.180678285624244594e-01 5.555849523222426978e-01
7.328896139013141298e-01 1.998521414927755258e-01 5.479392052334258745e-01 3.293541867151549840e-01 4.111435150970583763e-01 6.385142354166200018e-01 5.549758794218427882e-01 2.656010153510097727e-01 4.807412260408845395e-01 3.701601816204602158e-01 4.421894781639785221e-01 7.560489896698530110e-01 5.554579138734541122e-01
6.572104021906852722e-01 2.221775567122244999e-01 5.698760394131475726e-01 3.604318821879546886e-01 3.548612941927073994e-01 5.863019269634167641e-01 5.133879088879198527e-01 2.965407808100417597e-01 4.321158075244651009e-01 3.058503130546201820e-01 4.665839745534387517e-01 7.258679454654946017e-01 5.204867553523875312e-01
7.028950152410148311e-01 2.018951033076396839e-01 5.591963052470734219e-01 3.448541834542394602e-01 3.711704269618443797e-01 6.129238719570225813e-01 5.356985552841601050e-01 2.818152888432004510e-01 4.517449656683564241e-01 3.432004297145804239e-01 4.601508460359694519e-01 7.283307164907455444e-01 5.618585298645287773e-01
6.692906999666439205e-01 2.052686132413331921e-01 5.724546822935920876e-01 3.632087106792468156e-01 3.497565980676723418e-01 5.828750841961852780e-01 5.127940292191153215e-01 2.959307102258053601e-01 4.265772283183005276e-01 3.101391801197374010e-01 4.770127766182631901e-01 7.193219469171084901e-01 5.429628699655563162e-01
6.637750701978802903e-01 2.072841988709891725e-01 5.728955799365106349e-01 3.684193426647137670e-01 3.484017554184664633e-01 5.844680211860043828e-01 5.131208607023149959e-01 2.938415342678298847e-01 4.282077773200929638e-01 3.027544509199902589e-01 4.760766847180278871e-01 7.425430079737861400e-01 5.240470101995746699e-01
6.433174764247319155e-01 2.312765509053961721e-01 7.138913321423340230e-01 4.753387798507189288e-01 4.334386105284743218e-01 5.912538565266757251e-01 5.199933891844805700e-01 4.223154613150739145e-01 4.354790816458503633e-01 2.912459542510757449e-01 5.093401899044042169e-01 6.729123971848015584e-01 5.062022165271762297e-01
6.870033605318321968e-01 2.016152355326671086e-01 6.008723637557285002e-01 3.383314328786639624e-01 3.514745235443115234e-01 5.933775236637428563e-01 5.190420490905705009e-01 3.041163847412703403e-01 4.058154551576740876e-01 3.307250905654841033e-01 4.878222777591488812e-01 6.883130219898053737e-01 6.088630151157712334e-01
6.862321961867183795e-01 1.998291736672974939e-01 5.844096925488131422e-01 3.535074204081650739e-01 3.557829212235367744e-01 5.838913153471617656e-01 5.186309798577415364e-01 3.033667474739112913e-01 4.253496576088836578e-01 3.318974160471670487e-01 4.880703758084919963e-01 6.708132803112596410e-01 5.873200001723840602e-01
7.001772826733555499e-01 2.012221116035175505e-01 5.916027387873054044e-01 3.547402759725900023e-01 3.718155838464356489e-01 6.065807622785135411e-01 5.346152909121668628e-01 3.034514866347582385e-01 4.358992411408717516e-01 3.533285996040691490e-01 4.827812435484030162e-01 6.743112746012079883e-01 6.022782450151256128e-01
7.262322803076943778e-01 1.915641320048437624e-01 5.434189228848976816e-01 3.252045756071499372e-01 3.630283478161562827e-01 5.956663343156206603e-01 5.292476712085526502e-01 2.615938690262583077e-01 4.585911507956237365e-01 3.364143784415395966e-01 4.562438802899626555e-01 7.612491309533625516e-01 5.638423951451644323e-01
7.250196340640909787e-01 1.997550460896473368e-01 6.080178496910927377e-01 3.741277537702285549e-01 3.973409219280533144e-01 6.379679206630279875e-01 5.642273257710511691e-01 3.096556390354514576e-01 4.656456802451648391e-01 4.049246189321165090e-01 4.897025219066356572e-01 6.252477185411767779e-01 6.493157188005521663e-01
7.329283399801506116e-01 1.926168484443968043e-01 5.971522599179794888e-01 3.501082323107523875e-01 3.853954511451656573e-01 6.458694470050776459e-01 5.668186445402193518e-01 2.949196074931126343e-01 4.672742115116270134e-01 4.120477147578379129e-01 4.803924009552211216e-01 6.326836252059691024e-01 6.576986439770536874e-01
6.765744294235972456e-01 2.032545011487362774e-01 6.017553437455123166e-01 3.633141233369746592e-01 3.659410910761874414e-01 5.883746072521497394e-01 5.210226623160678638e-01 3.136273242954937812e-01 4.186678969232242586e-01 3.330502503205077236e-01 4.912638462989068477e-01 6.641313457015506350e-01 5.949258617047066267e-01
7.201898362977724455e-01 2.002895137169969086e-01 6.119276647939083658e-01 3.649048094071217774e-01 3.960643909142717023e-01 6.305961745951711439e-01 5.550941548581365126e-01 3.185061410350619182e-01 4.500545339065028516e-01 3.872358227973492495e-01 4.902822552627422725e-01 6.387882629006882418e-01 6.409892165733132030e-01
6.952755730403097356e-01 2.015199083761264609e-01 5.896143210245007316e-01 3.564826671859807061e-01 3.673006862442454445e-01 6.009124479160227184e-01 5.302204750714045733e-01 3.071927085237682320e-01 4.335428631632392560e-01 3.452846370955274247e-01 4.844074667548776691e-01 6.780043593693129145e-01 5.932364445538412800e-01
6.811226055418191372e-01 2.092942084717700768e-01 5.603618805376404666e-01 3.688181632572843371e-01 3.587267133204833369e-01 6.097695067267994151e-01 5.288478163648632213e-01 2.798580751525905908e-01 4.473895202669952997e-01 3.191385124460395795e-01 4.587884365686980548e-01 7.603246789193633948e-01 5.220951839601262190e-01
6.818077482871317541e-01 2.046697890402550402e-01 5.967170608972004464e-01 3.662209083186943048e-01 3.596664157736560452e-01 5.866015723296280626e-01 5.209784644384738428e-01 3.175119624104140170e-01 4.274627486073445115e-01 3.302509045870433702e-01 4.965798976641017659e-01 6.645019346841306573e-01 5.919336033759163840e-01
6.815877673657319002e-01 2.024770437430575554e-01 5.930501782674002520e-01 3.609510404873908507e-01 3.602947610551896496e-01 5.855516121048353062e-01 5.194910493942630492e-01 3.163423835629934899e-01 4.222366594201195089e-01 3.309096469203766100e-01 4.931383261578233812e-01 6.644837121196063290e-01 5.890730038064714291e-01
6.708063718911849715e-01 2.006589882462304075e-01 5.722908132614936694e-01 3.576420459058616275e-01 3.529449171973797483e-01 5.839546210678486782e-01 5.154428512156639108e-01 3.021729521306214528e-01 4.255974176942080578e-01 3.226126616267620539e-01 4.806830890143547474e-01 6.862269856868099538e-01 5.615394660318203668e-01
7.147128422597522901e-01 1.994921116916676951e-01 5.490064062974987502e-01 3.367550097617137972e-01 3.862044414424378180e-01 6.313039779534628249e-01 5.496532156950154624e-01 2.710893711883504142e-01 4.716083547614562388e-01 3.597073796786900979e-01 4.467003432412942621e-01 7.397737083786026790e-01 5.574963377063267833e-01
7.290210659836273699e-01 1.989313715667622162e-01 5.540018177885104311e-01 3.345555481740955517e-01 3.894065793441690015e-01 6.339423200051332863e-01 5.549237759438057083e-01 2.648552224602339633e-01 4.743456061112720779e-01 3.740814779392433453e-01 4.480262718019567547e-01 7.317318096432847696e-01 5.829333764542101726e-01
6.676564814424829075e-01 2.136025639773593277e-01 5.659398979882157565e-01 3.574807689976447489e-01 3.544097747906799212e-01 5.874467874202750073e-01 5.157939257760402185e-01 2.914686466321208536e-01 4.349991279442674275e-01 3.134796933839955613e-01 4.669617013854346355e-01 7.200269372498397935e-01 5.349001864080294988e-01
7.283481676131489113e-01 1.889335221864960335e-01 5.460447810470738794e-01 3.192127807853148425e-01 3.901639564529709170e-01 6.516459110481985784e-01 5.660282888681577029e-01 2.446929056127116475e-01 4.789361409866471631e-01 3.826829193496866233e-01 4.310647742898484069e-01 7.462431841390037013e-01 5.866105328672718278e-01
6.462322135897060615e-01 2.257578805707425307e-01 5.595306689442598458e-01 3.703626145023046767e-01 3.529425108116929777e-01 5.878119455088444134e-01 5.129692691819396355e-01 3.025314069950496010e-01 4.361568582785897430e-01 3.042304175794632859e-01 4.574536039092676476e-01 7.171941684156437624e-01 5.000058731247541965e-01
6.806744677455803805e-01 2.012079064706671916e-01 5.333148219528045519e-01 3.501891408922132021e-01 3.747641676631958685e-01 6.330530334135582304e-01 5.439346574073979923e-01 2.629086873230507271e-01 4.644265115637131736e-01 3.382827073030503784e-01 4.406163590104599792e-01 7.409209038707472716e-01 5.076889533034064650e-01
7.100454201039517743e-01 1.958689717170984945e-01 5.545562495213539611e-01 3.596046423712341844e-01 3.729484817822990017e-01 6.157252807908788483e-01 5.320567929574959720e-01 2.898202881849598622e-01 4.378546135212156853e-01 3.496519471375659216e-01 4.563606974509794578e-01 7.270410273159297887e-01 5.711283308750126908e-01
7.369788987071892450e-01 2.191471506661105684e-01 5.510662260171482751e-01 3.355301983520082021e-01 3.815216357293336191e-01 6.443144279821165776e-01 5.532070505865044341e-01 2.757027277476944982e-01 4.779821527822161187e-01 3.629273545416548674e-01 4.561419880123642745e-01 7.275605619622346198e-01 5.787203679095087594e-01
7.320448316241566777e-01 1.966356977465168743e-01 5.458541954543820740e-01 3.262226366769215846e-01 3.895128851392022917e-01 6.451519680434260051e-01 5.632748473062325623e-01 2.592337500163406361e-01 4.818565725842461900e-01 3.792334306514709708e-01 4.396551633102259715e-01 7.361693175444754544e-01 5.804062030489387514e-01
7.490035633899663203e-01 1.948347027623371086e-01 5.792487285294155575e-01 3.635136531185859110e-01 3.914952947069769151e-01 6.363102984068722545e-01 5.593864874018332767e-01 3.110722547994469456e-01 4.857913796269931472e-01 4.012047827320090465e-01 4.845827260864823405e-01 6.460211376622045920e-01 6.215715824218517316e-01
7.526456259877273292e-01 1.950462350151096758e-01 5.924773987203357795e-01 3.439091025544426250e-01 4.039069895996995618e-01 6.666925564600989507e-01 5.708516790582660594e-01 2.799562385903214268e-01 4.853267414078163977e-01 4.000209215964880549e-01 4.656636424483807657e-01 6.502489549118084522e-01 6.490149045477324741e-01
7.122335476310631686e-01 1.940667187673566219e-01 5.663636865686964006e-01 3.275325466523466011e-01 3.811443217260682137e-01 6.253709368407727176e-01 5.548385236351377481e-01 2.730245206434771532e-01 4.811245368247152321e-01 3.933356253385746903e-01 4.685622125985177133e-01 6.842227936227680551e-01 6.025556740317806748e-01
7.338879745036952507e-01 1.959343280334010784e-01 5.853926595997682725e-01 3.467814742837139752e-01 3.547299083160317390e-01 6.082312204200647221e-01 5.379409222600329832e-01 2.753101040451031434e-01 4.541181124723296936e-01 3.712896530106408743e-01 4.862960062133587780e-01 7.129828606087428300e-01 6.295027259561882804e-01
7.257556037291100770e-01 1.942316041486301104e-01 5.810650355147725099e-01 3.342343874122064573e-01 3.912908901338991718e-01 6.629573926329612732e-01 5.696345463391189190e-01 3.001408374534462742e-01 4.643802183800691541e-01 3.948357163995198649e-01 4.690621767526235164e-01 6.759764791019396979e-01 6.128683655035180866e-01
7.346939917947900023e-01 2.007866335495305243e-01 6.246468920041533535e-01 3.606574968962941163e-01 3.984670687628829033e-01 6.320957753678848601e-01 5.685567826755690835e-01 3.183290736292893053e-01 4.434933115137676407e-01 4.027336639043820332e-01 4.976897958090634733e-01 6.185933779140477817e-01 6.577180885681922495e-01
7.242569608855871088e-01 1.968670218222196566e-01 5.660399207895132623e-01 3.360032624248223132e-01 3.753548726115537582e-01 6.399523282744761232e-01 5.555419023934641265e-01 2.862970359482854832e-01 4.796252959769231605e-01 3.695490766807741356e-01 4.616904205725930188e-01 7.290716574019019403e-01 5.790781925024515164e-01
7.276948838249635010e-01 1.926860409667310592e-01 5.713173594764050511e-01 3.688364916855527698e-01 4.158324077725410461e-01 6.647010955317267378e-01 5.737083021252717963e-01 2.634167651522834053e-01 5.002770995021994516e-01 4.109549755580189090e-01 4.524362387695932686e-01 6.790809270553972432e-01 6.094999992130549771e-01
7.230265111515398191e-01 1.950338383595433545e-01 5.488356830960606780e-01 3.243400782308321073e-01 4.025399364207101760e-01 6.396838045325773381e-01 5.783453743731925556e-01 2.680227235662487328e-01 4.914313551414557502e-01 3.851487139182692143e-01 4.436821555340192957e-01 7.429769740665106426e-01 5.782277405410791715e-01
7.247360270862515108e-01 2.000433619110200956e-01 6.103829361279221599e-01 3.619296802639885291e-01 3.940956816482155123e-01 6.302949779538502550e-01 5.562266083011788709e-01 3.153995886128747039e-01 4.524571996840298649e-01 3.912147678057988354e-01 4.894903473900555912e-01 6.402482174391492808e-01 6.433291276451864604e-01
7.397685404278732113e-01 1.995866332541812449e-01 5.726932261119233036e-01 3.457155152003175136e-01 3.967172612800546339e-01 6.614716046843035491e-01 5.793212750290013258e-01 2.845356000481911174e-01 4.831118172252027998e-01 4.209469157833694575e-01 4.645815243323644372e-01 6.666161171245924555e-01 6.367948988981321223e-01
3.526643097863070286e-01 6.138791171870683350e-02 6.478534638881683350e-02 7.206840533763170242e-02 2.011455189649891395e-01 3.450241943395793154e-01 1.023274809338215185e-01 2.977313010224124090e-01 6.243886722527938055e-02 8.305377533036337190e-02 4.777759955081487542e-01 2.566988001519561746e-01 1.662180309554896762e-01
3.944535928435232708e-01 1.685933861329327321e-01 5.088489416925693343e-01 4.008787499606302762e-01 2.984193132825843642e-01 3.418529188705021760e-01 1.931009760385827001e-01 7.777156847581828680e-01 1.430979613214731216e-01 2.129443098867229434e-01 4.823781792453029071e-01 2.606617625591245990e-01 2.348644520106596412e-01
4.399331058473573974e-01 3.469843764148888288e-01 5.284702512675293340e-01 5.113126030623836860e-01 2.610289242381796937e-01 2.643807908142756791e-01 1.662418956294623995e-01 6.407423922089192647e-01 2.396064636691206118e-01 3.013433471732095414e-01 3.283075948806131183e-01 3.124459802655796814e-01 2.146176027077845994e-01
3.738524001483854997e-01 1.803069758843704462e-01 4.561409211822132215e-01 4.662686359022081839e-01 2.164416003810322731e-01 4.332900732241828368e-01 3.765076635472224820e-01 3.998659693302129559e-01 3.547403461811036163e-01 1.588019667186935935e-01 4.724437151013350933e-01 6.223461738763711448e-01 2.099075946311191321e-01
3.763045792271823009e-01 1.836269602047007066e-01 4.582996661924224613e-01 4.690090029394811677e-01 2.254103419178610790e-01 4.767797100132910026e-01 4.115504010380068856e-01 3.665083052485056392e-01 3.775638180905336871e-01 1.675642292768576569e-01 4.543999652692961577e-01 6.518588674747455292e-01 2.148734894458246836e-01
3.246021000202746198e-01 2.059431536741584134e-01 4.958463435629032467e-01 5.410177021181767909e-01 1.966345010871958232e-01 3.603914564057927317e-01 3.166296321138314940e-01 5.272643867317797772e-01 3.333797448723098134e-01 1.460806175487500691e-01 4.632810843593584416e-01 5.503632151572913633e-01 1.662145082290136799e-01
3.889718640399605354e-01 1.889534315615229998e-01 4.725750559233726777e-01 4.745316382103898500e-01 2.296662925864043636e-01 4.629425015172053959e-01 3.994588695040644510e-01 3.794294183652074381e-01 3.633480207577395316e-01 1.601655582608114137e-01 4.632423183316652926e-01 6.486452996232734414e-01 2.313107526974059192e-01
4.477692291336623498e-01 1.693727207188807371e-01 4.477585215883498337e-01 4.061960228574798548e-01 2.537395511273011217e-01 5.504631630690961508e-01 4.676082219519821503e-01 2.985502575295713723e-01 4.118769326848080725e-01 2.239715189485469993e-01 4.705095061222167585e-01 6.635143584237032099e-01 2.839927279826163220e-01
3.591018079583973011e-01 1.660047200004102774e-01 4.258426294766644582e-01 4.731802272696778999e-01 1.940070001975349734e-01 4.326202381016879261e-01 3.810650000450857000e-01 3.709243347622313558e-01 3.492999947879593114e-01 1.559775289109948671e-01 4.708843872072251413e-01 6.775061374618893684e-01 1.934888978274844629e-01
4.991762438200806340e-01 1.745003622960255019e-01 5.237570486974933992e-01 3.934823706621285444e-01 3.454449822235366452e-01 3.927627030181987111e-01 1.736523801741032547e-01 7.602640337504025236e-01 9.890507178657251264e-02 2.379839774682075138e-01 4.270626681959029947e-01 2.466067210515285324e-01 2.685499889629968662e-01
3.224306342571879314e-01 9.117384600186657917e-02 2.508599833774574073e-01 3.192717770575702607e-01 8.699136863148811960e-01 3.279401955194771734e-01 2.381920314507896819e-01 1.094400451501023330e-01 6.963044323397312718e-01 1.382041394399834977e-01 6.161284120904843009e-01 6.045966504121219609e-01 3.339108416469190876e-01
4.132439743237274477e-01 3.189953105586761373e-01 5.219538270770994748e-01 5.209691147740027617e-01 2.526996348005132176e-01 2.691852288930837722e-01 1.969502069614041395e-01 5.864413196730584588e-01 2.625810072863069000e-01 2.758416187335218650e-01 3.428437090600222059e-01 3.479155252163977363e-01 2.000460280691699899e-01
6.018429931645329356e-01 1.804598958292247257e-01 5.932950966886896271e-01 5.303386826951479449e-01 2.577756508455976148e-01 5.844644221637784742e-01 4.916854790836289180e-01 2.695654207699984539e-01 4.219977729608619943e-01 2.197671619549062816e-01 5.665877532380505510e-01 7.106997175679471423e-01 2.756688582701621870e-01
2.941838998543589989e-01 1.699235096404498324e-01 4.390578140669010310e-01 4.366654640006036869e-01 2.086901118088027585e-01 4.425460670528740259e-01 3.719435971748979441e-01 4.563433637596526204e-01 3.887334459869643544e-01 1.305661235042806234e-01 4.698170947471285164e-01 6.491820620366067773e-01 1.936824588415966275e-01
5.157894736842106864e-01 1.837944664031620490e-01 6.631016042780748521e-01 1.000000000000000000e+00 7.500000000000000000e-01 7.999999999999999334e-01 5.379746835443037778e-01 1.509433962264150608e-01 4.889589905362776157e-01 1.766211604095563326e-01 6.747967479674797930e-01 8.168498168498168344e-01 5.042796005706133844e-01
4.216749581900477439e-01 1.869708304532726462e-01 4.729835818930064884e-01 4.280486173841373532e-01 2.501239876829735587e-01 5.235528871979050480e-01 4.571641187619747693e-01 3.228003531694412231e-01 4.020551263240139672e-01 2.029632992697593397e-01 4.589097598049326487e-01 6.641498462803619995e-01 2.660290506653774645e-01
3.430043159738969116e-01 1.969836962523432156e-01 4.701095053099373922e-01 5.019662204995445354e-01 2.040351238152336433e-01 3.998724761129967553e-01 3.563936348014239974e-01 4.446716137792704471e-01 3.423152056424246803e-01 1.586341256269415412e-01 4.669469840733743160e-01 5.949947986710857339e-01 1.741995118251508656e-01
3.599351288652732350e-01 1.777166203971171921e-01 4.541779468483465587e-01 4.775852432340076947e-01 2.091916245610817571e-01 4.370155686865849765e-01 3.848960283585677877e-01 3.995393148430113062e-01 3.634928743926402750e-01 1.584505147011409654e-01 4.600554249150966557e-01 6.322272218449975778e-01 1.955903305960407235e-01
3.390676711636939622e-01 2.324113948077420888e-01 5.005559881496676189e-01 5.379645203590661673e-01 2.013603107720289276e-01 3.326579728356466314e-01 2.892424508473415701e-01 5.599455558167735214e-01 3.227235922870470564e-01 1.661861979628280472e-01 4.326065477074646504e-01 5.036332600787554181e-01 1.693752780922033463e-01
3.461357244936824062e-01 7.451269181956916843e-02 3.385040697169783286e-01 2.729366171586606327e-01 7.498738222310076251e-01 3.557825058409622709e-01 3.255036882719382074e-01 3.608989923805840938e-01 7.372057643776949165e-01 1.680756382546435279e-01 5.076612731085985430e-01 4.377203387030888515e-01 3.492850449255743284e-01
3.579382656926386463e-01 2.238096305180208301e-01 4.801029887244622207e-01 4.999115090750004819e-01 2.194445061132959673e-01 4.508335371983462903e-01 3.918512996702694373e-01 4.117268099853733654e-01 3.742897586679609367e-01 1.533607917695954392e-01 4.409003454162095936e-01 6.402679268311667338e-01 1.938880993512999695e-01
3.269978768731419683e-01 1.959472722097819197e-01 4.322394289195856110e-01 4.749957176751083421e-01 2.114797574670418401e-01 4.236653316637565281e-01 3.523280108936979182e-01 3.801420692987036443e-01 3.556055749416915379e-01 1.472772321069403256e-01 4.724172477315111696e-01 5.939306350145148183e-01 1.715409010648727417e-01
3.841149341707169595e-01 1.826660061787019063e-01 4.576215862948168067e-01 4.676743009578936960e-01 2.205104537045016189e-01 4.537519157703581163e-01 3.948720265415650021e-01 3.782697991239574731e-01 3.619295646280802914e-01 1.613199646193724801e-01 4.643338770734343202e-01 6.465765692655256469e-01 2.216545587854616417e-01
3.121687344177382362e-01 1.874455105846475345e-01 4.955751401936275835e-01 5.443879290659116021e-01 1.909418544192980627e-01 3.793020680610990070e-01 3.321020756064685941e-01 5.018794721449321150e-01 3.411248208542840277e-01 1.361395952269139342e-01 4.890050007885974326e-01 5.807103771007844362e-01 1.685792909987927080e-01
5.429402138547679835e-01 5.326032391620484363e-01 5.642089091420651181e-01 5.466168129278980992e-01 2.818231318859666934e-01 2.300631654673609416e-01 8.837978515129552015e-02 6.697486718273105710e-01 2.169028670888406563e-01 4.431148916355782119e-01 2.083097413599649950e-01 2.056449254490297918e-01 2.435039934664353645e-01
3.597685570779600717e-01 1.890597735534388923e-01 4.578958529042688186e-01 4.884010847542704092e-01 2.103764869110739677e-01 4.391178169127168962e-01 3.866672874565868501e-01 4.000826564459305512e-01 3.671705392145255820e-01 1.547648959877382380e-01 4.501627883466899904e-01 6.383083208880707682e-01 1.960102539647705366e-01
3.535128814609427850e-01 1.860165614266640621e-01 4.378725719802520899e-01 4.801253151033342825e-01 1.967824852984884632e-01 4.340535175826015779e-01 3.875455423749448181e-01 3.880252864844393468e-01 3.596864037321474972e-01 1.519930543625924169e-01 4.628731612025237530e-01 6.414605195705708196e-01 2.017461404672022673e-01
3.232553736677419298e-01 2.037418238881224808e-01 4.945167949949864639e-01 5.363176327688409240e-01 1.979847563450913006e-01 3.610957857253479508e-01 3.164834605973461112e-01 5.267428002025896783e-01 3.326344316974371162e-01 1.470805369381103234e-01 4.657578548810226149e-01 5.474231557071126408e-01 1.681979848843329628e-01
3.135202531653801805e-01 1.884789165079946982e-01 4.943541557064907721e-01 5.424838701224665716e-01 1.917351019447264548e-01 3.787418653225076426e-01 3.320699611748470503e-01 5.016423723185962080e-01 3.413123244974044512e-01 1.368489628610020103e-01 4.868751909750386186e-01 5.803260148198842172e-01 1.683897109805691239e-01
3.260713458208271964e-01 2.085791202565736580e-01 4.983722208040383128e-01 5.430043707241679618e-01 1.977569469740758645e-01 3.518658794292072178e-01 3.102556205681772372e-01 5.396604090314006674e-01 3.315093998785486606e-01 1.477370891368823824e-01 4.597272166615064548e-01 5.393315490297699855e-01 1.646647487950382294e-01
3.135543947941379916e-01 1.833758219016399515e-01 4.747028327024077621e-01 5.346058803735321829e-01 1.898756623268127441e-01 3.900654014970722505e-01 3.478634913573788179e-01 4.631440781478611823e-01 3.456868340704907228e-01 1.348546691518594798e-01 4.678203921643941943e-01 6.172206303848452036e-01 1.582345913739585386e-01
3.310023119924346280e-01 2.327183687474151941e-01 5.041475956536608516e-01 5.436497678171325898e-01 2.002445416140329615e-01 3.250390378340822228e-01 2.857592480496861098e-01 5.733687358223041874e-01 3.235293685037008427e-01 1.593668966577149737e-01 4.324917448798150099e-01 5.029719271168331396e-01 1.662425878118941602e-01
3.246157371978227735e-01 2.107249386785754464e-01 4.999666263780152553e-01 5.429018949081679812e-01 1.977672434643508170e-01 3.536195580598673338e-01 3.115791287115983188e-01 5.382020760608731136e-01 3.305717028065273122e-01 1.473616086767625677e-01 4.593585951128839051e-01 5.402305683602097730e-01 1.663581219969447467e-01
3.539446500644675697e-01 2.533450177047040786e-01 5.101714575598463863e-01 5.347583004556711872e-01 2.115889546093176476e-01 3.060655561757498200e-01 2.569273843308164107e-01 6.030661821505932663e-01 3.050712494133518415e-01 1.922643424095998865e-01 4.110588502229713948e-01 4.497334328667694225e-01 1.769187158395797987e-01
3.614247438938992807e-01 1.984859497650809934e-01 4.648886028139349591e-01 4.827301926795661835e-01 2.007272113924441215e-01 4.410651549953840123e-01 3.862623897880189672e-01 3.972503844437733633e-01 3.739972309288730479e-01 1.491405861738293592e-01 4.713112020759078202e-01 6.451089005821789568e-01 1.767191591163759790e-01
3.454525734837117223e-01 2.091113802767082808e-01 4.724580363076636980e-01 4.880612861249865042e-01 2.268945145542207165e-01 4.485567554959963843e-01 3.760522446253253825e-01 3.868053926084682459e-01 3.410063955921104339e-01 1.587803389657758968e-01 4.641328697221550614e-01 6.345898673115741850e-01 1.906530947455028491e-01
3.668963201981236821e-01 1.326195354308388474e-01 4.073137650888832284e-01 3.909109237498230027e-01 9.443197809159755707e-01 4.724672842738700806e-01 3.742993310308044275e-01 3.333988636863892130e-01 8.555683069965251963e-01 1.251730582396318736e-01 5.509469277354154260e-01 4.971059147592046812e-01 4.346761919010680431e-01
2.748782602678006559e-01 2.846685882753015595e-01 6.756471497962939221e-01 5.416057961212817906e-01 6.143763587688622074e-01 2.052327324087824256e-01 1.471277207073770910e-01 9.648699844080324550e-02 3.167598699601456014e-01 1.594716113397641744e-01 3.434777113465152798e-01 2.890064643777824349e-01 2.491548292564870204e-01
3.741620702178853342e-01 1.744779020606764541e-01 4.397505326545174120e-01 4.762543720990112806e-01 2.259086163147636106e-01 4.546082989922884954e-01 3.959551525266864491e-01 3.633540786521614052e-01 3.655469202280797192e-01 1.619840194201001282e-01 4.531589154063201397e-01 6.531567670978033480e-01 1.991960378988152924e-01
4.304147270428456684e-01 1.780298831366488588e-01 4.611806164633851512e-01 4.201530627330247181e-01 2.510926067707655029e-01 5.380314248646128616e-01 4.613685323011900152e-01 3.119225815676573976e-01 4.070052450305374214e-01 2.112993858849991913e-01 4.634911087855064782e-01 6.624681218898251789e-01 2.712990131872518584e-01
3.348500390978234598e-01 2.998998629393078152e-01 4.580526620715813513e-01 4.497818086181105124e-01 2.125442801853237029e-01 5.228650333167150777e-01 4.486806458530295805e-01 4.751160920966627232e-01 5.093712954890652345e-01 1.266831765126169573e-01 5.853046724285051461e-01 6.094946112217647372e-01 1.518986851758138967e-01
3.469136020070629489e-01 1.902355939267652563e-01 4.444193227047269490e-01 4.981125828224359786e-01 2.194286930658247425e-01 4.360372967544365319e-01 3.881578632406418317e-01 4.075098112928417504e-01 3.574283529199330789e-01 1.572649240082148459e-01 4.689844061537244979e-01 6.364697223124538006e-01 2.056158304522703872e-01
3.206938127938069871e-01 2.018121526587622339e-01 4.358370638786152051e-01 4.910180251469317692e-01 2.086888375570592757e-01 4.348125482427662725e-01 3.710551701391799351e-01 4.484083458500087715e-01 3.407025422889163879e-01 1.679720636520776467e-01 5.098922422261742415e-01 5.846386097044080632e-01 1.619367901921357211e-01
3.446226600949702235e-01 1.883968114558416396e-01 4.637480436564039854e-01 4.926803239534811585e-01 2.121149282092633648e-01 4.457841461331680799e-01 3.826924091370044745e-01 4.090867834495169886e-01 3.651145328459116102e-01 1.506369840933817206e-01 4.513050079406277226e-01 6.391112389650208669e-01 1.860848577738276055e-01
3.391947289340592198e-01 1.906204779371030444e-01 4.472160732005049377e-01 5.064175949796804188e-01 1.950670876742705007e-01 4.418296609973085820e-01 3.538520468972654043e-01 4.357593632347108170e-01 3.481601797784634744e-01 1.426462385224960272e-01 4.461253238463304682e-01 5.928817646844046774e-01 1.782265756911626253e-01
3.429176919946545499e-01 1.725063436543164130e-01 4.710335685288841723e-01 4.842462552154495059e-01 2.040927091046519926e-01 4.332718930046620676e-01 3.917710197468597944e-01 3.910958825276707462e-01 3.578597824809021111e-01 1.530899827689593540e-01 4.567763732852248015e-01 6.361836697155738296e-01 1.661626951670680530e-01
3.312610201991016967e-01 2.391615064056376583e-01 5.109402889206526854e-01 5.495812393648108474e-01 2.012862765948976451e-01 3.292376438300285701e-01 2.892184817052410595e-01 5.754601703956723213e-01 3.244081883267455613e-01 1.597943726494756023e-01 4.309455019959468336e-01 5.061217965811896091e-01 1.661081359161730997e-01
3.326500432859911260e-01 1.750889421319184180e-01 4.566110889103642267e-01 5.149535204178279368e-01 2.058184033502702959e-01 4.195179891997370403e-01 3.547364311898912326e-01 4.348245065237553164e-01 3.477804235385419385e-01 1.367207027641172690e-01 4.605069951252724336e-01 6.227316973191914240e-01 1.621251367749951822e-01
3.318848619629680696e-01 2.307407892467417398e-01 5.049808599692294786e-01 5.437166544071101448e-01 2.016509015406684480e-01 3.260988463198059018e-01 2.866941854153378100e-01 5.727976937163269389e-01 3.222947885892508135e-01 1.609211357830110933e-01 4.343580808566232521e-01 5.018371261746686907e-01 1.671023847710955135e-01
3.364548637482683291e-01 2.008205240835314320e-01 4.691828931557303073e-01 5.185682441002315013e-01 1.973360527468764336e-01 4.166258218730317653e-01 3.758112607987494913e-01 4.064631538008743883e-01 3.360972707673954840e-01 1.404637593343701640e-01 4.576718773299116583e-01 6.385818182263905962e-01 1.667138748136634541e-01
3.737212940854461873e-01 1.896860241866256680e-01 4.621843220217821679e-01 4.702904326745223074e-01 2.264536025771952121e-01 4.885325491685292842e-01 4.180410674808523463e-01 3.623459536301076866e-01 3.835903499804272920e-01 1.661749159211591553e-01 4.490998029799723179e-01 6.541471682973342139e-01 2.100761451010463299e-01
1.306427848010670578e-01 6.045890654841706846e-01 2.845548254756485873e-01 4.674051050810844599e-01 3.694890797664613924e-01 7.423153354641821577e-01 4.825286967785467063e-01 2.034738525322128400e-01 9.659364027902483940e-01 1.376506482632007533e-01 2.224000353882907288e-01 6.004367846553810839e-01 1.879239640884186324e-01
3.445464339695478717e-01 1.857720326058007743e-01 4.530362225172512858e-01 4.918648914347605317e-01 2.111084126745877143e-01 4.456816615215662969e-01 3.922333076344763358e-01 4.116781466412094415e-01 3.786356792041932207e-01 1.545862905147132593e-01 4.427770577916285144e-01 6.608931975432367212e-01 1.711656531576763451e-01
3.297692967235650308e-01 2.351690103661586151e-01 5.114196087059410534e-01 5.495103953775863914e-01 2.012404187243310161e-01 3.253670414556460444e-01 2.859401037358532682e-01 5.815600229532650323e-01 3.225172285081625567e-01 1.599104024424159165e-01 4.341759723753145783e-01 5.002661764949232204e-01 1.666010605578527315e-01
3.234109379351141067e-01 1.813515052199363708e-01 4.801700554768191243e-01 5.116470546375231354e-01 2.007604080363703247e-01 4.158457723157159558e-01 3.575696934207109878e-01 4.501546930943457481e-01 3.453217827206718771e-01 1.478857340818786059e-01 4.614476935589701956e-01 6.061525050373304246e-01 1.720730803811261200e-01
3.169853871590214145e-01 2.029661964404252950e-01 4.735668610761509800e-01 5.432218841670715115e-01 1.885765967485697470e-01 3.949715999693707014e-01 3.503914544288115884e-01 4.686429192716220493e-01 3.549556113097946386e-01 1.264256131565102692e-01 4.457683326994500983e-01 6.217967765508116695e-01 1.547129283235348374e-01
2.367875743657350540e-01 1.821887520668299398e-01 4.955040545359672421e-01 5.528372705832470535e-01 1.805409149864040663e-01 4.110514009756774945e-01 3.422172598200378113e-01 5.593931006513676030e-01 3.854871320300250481e-01 1.090716671980535846e-01 6.338127590715885162e-01 5.626378243408701740e-01 1.531114369981554368e-01
3.676386568107105068e-01 1.853037004325936432e-01 4.730802419829495675e-01 4.971654567406658121e-01 1.973152333141668935e-01 4.472432447404697253e-01 4.037829058457024223e-01 4.393004503733706212e-01 3.604645184167787342e-01 1.652891074431227236e-01 4.697771661771021900e-01 6.278784873830529634e-01 1.644786091245041271e-01
3.191540433780143959e-01 1.913087192054087338e-01 4.656985101095813540e-01 5.015182427524291775e-01 1.534178645714469602e-01 4.175970381190037273e-01 3.594929549827353688e-01 4.521609448458788760e-01 3.544479533618651867e-01 1.473807853999398176e-01 4.527852561900286843e-01 6.216388564734232069e-01 1.746152785637239413e-01
5.064380424440299011e-01 4.807025619226660273e-01 5.519307470297749596e-01 5.403659863277614495e-01 2.835447273809341140e-01 2.309705537828166955e-01 1.071475327323399007e-01 6.434270347872713680e-01 2.218901824062155526e-01 3.917474604812498651e-01 2.453280586325298218e-01 2.330762203100509855e-01 2.377213662452758447e-01
3.422833920995657087e-01 2.084271746131743930e-01 4.626923527688106552e-01 4.973598963475411860e-01 1.988539987284204114e-01 4.144825389672970317e-01 3.639231121741265951e-01 4.329338641008054211e-01 3.686536464029306903e-01 1.424093283712863922e-01 4.579577572961769927e-01 6.277102508851677420e-01 1.864668104622231315e-01
3.455836250593787295e-01 1.929855746154492957e-01 4.659602084162240976e-01 4.909832754542033939e-01 2.171680193024930206e-01 4.605600262510365361e-01 4.015955034435141346e-01 3.958474306987141422e-01 3.724491987201130061e-01 1.573513329741083877e-01 4.455512244314924764e-01 6.481317707334027789e-01 1.903629067929172025e-01
1.394736842105265828e-01 2.588932806324110714e-01 1.000000000000000000e+00 9.226804123711339622e-01 5.326086956521739468e-01 7.586206896551724865e-01 1.000000000000000000e+00 6.415094339622640085e-01 4.605678233438486591e-01 4.027303754266211011e-01 3.658536585365854132e-01 8.864468864468864062e-01 1.333808844507845814e-01
3.673418912093008859e-01 3.419572079016757193e-01 5.272472590347502264e-01 5.573471668608410701e-01 2.375737503575889864e-01 4.345840999696019002e-01 3.782397391154717070e-01 4.753322926754096622e-01 3.722450773096540599e-01 1.450033837646474977e-01 4.020023781889520142e-01 6.154644255246626283e-01 1.691486470204659753e-01
4.548890754090330057e-01 6.888238787651062012e-01 4.921728834537240638e-01 5.311548442498196243e-01 2.265303635706558127e-01 5.321896583885596943e-01 4.553096558356398149e-01 3.579509917115089035e-01 4.762582434569000434e-01 1.483266155653452101e-01 3.026047536452126652e-01 6.764819421866608007e-01 1.676898254878744776e-01
2.765491938512575354e-01 6.368371962216266002e-01 5.012936693924993081e-01 5.098302518047594933e-01 1.978372469463426098e-01 6.221676830603772856e-01 5.179916462027919222e-01 2.175020580970734585e-01 6.936694469687760822e-01 1.404742191660093842e-01 2.666839768928362386e-01 7.799673393000285948e-01 1.260044179722592528e-01
3.542266035550520886e-01 1.844886438295304520e-01 4.622447135893099635e-01 5.013028548012690155e-01 2.121880852981753995e-01 4.270111902006741289e-01 3.683784486183637186e-01 3.982329189355642840e-01 3.754457358259132294e-01 1.414836216241171785e-01 4.458025659972090216e-01 6.354609198131403458e-01 1.719956578482234599e-01
3.084085146455388671e-01 2.065590115138900285e-01 4.721818795019292470e-01 4.964210428681571363e-01 2.226348263414009709e-01 4.740198426205537441e-01 3.786000877870285830e-01 3.785954566215569139e-01 3.802082733095444866e-01 1.227698874860086442e-01 4.402395624939988150e-01 6.515946060473665202e-01 1.646674817239336952e-01
3.240878095850347473e-01 2.410617942807702918e-01 5.213337112716174282e-01 5.613383491974822670e-01 2.009235328574583979e-01 3.329872874531027427e-01 2.943054308126511476e-01 5.836489744625000808e-01 3.268882319799768510e-01 1.543539493621260139e-01 4.363638006010645554e-01 5.131592941969367327e-01 1.643448486092491112e-01
3.168314236951500495e-01 1.992353721864138505e-01 4.709355080908631530e-01 4.950473477545473955e-01 2.053866284777936813e-01 3.979767167105757730e-01 3.348632391054922608e-01 4.527646562541430830e-01 3.238615256378703511e-01 1.435109350207315893e-01 4.715969314177831384e-01 6.363079207011194116e-01 1.788597317803093112e-01
3.607085815385767114e-01 2.717695122091430271e-01 5.030316356992856619e-01 5.359119050710020593e-01 2.111889159549837358e-01 3.488084776744503901e-01 2.946264459456823803e-01 5.356348331508068439e-01 3.229766669205745844e-01 1.807576501694326820e-01 4.047475755971864375e-01 5.146850254164918592e-01 1.727061898544475227e-01
4.864778405496555935e-01 3.551854363793559011e-01 5.598727590118081077e-01 5.138495057706058411e-01 4.314041591208913617e-01 1.889675839161821524e-01 1.546358829206995189e-01 3.054419118770450581e-01 2.028630109943085347e-01 3.732649855086827007e-01 2.027728041686965854e-01 1.026141778275971028e-01 2.358012206381377429e-01
5.284080999952400770e-01 4.630743834464314257e-01 5.632781975223734028e-01 5.519011218324916257e-01 3.537285328923683858e-01 1.915983021644682982e-01 1.259153508851383052e-01 4.249694297828201517e-01 2.042639133842127364e-01 4.732440742091895691e-01 1.723373402694154677e-01 1.290567291588368692e-01 2.396053192317617042e-01
5.272874840443319000e-01 4.669850633089456804e-01 5.623013547233822740e-01 5.519865600334615818e-01 3.544345259205843313e-01 1.922159653478141272e-01 1.259788890541280459e-01 4.204116630354755579e-01 2.028749338760204579e-01 4.704263144309406286e-01 1.723698429397212684e-01 1.272548356651236612e-01 2.396217383943018420e-01
5.277582414301209557e-01 4.681651001405467971e-01 5.642645207886149983e-01 5.534240492945418088e-01 3.597468025273765080e-01 1.955289177357716901e-01 1.289165177704758303e-01 4.145288940448805803e-01 2.058872888377009658e-01 4.745641162653958522e-01 1.717727638372197885e-01 1.233460791119043443e-01 2.383610154895680622e-01
5.223189714217657542e-01 4.930617834916227737e-01 5.579004514779406509e-01 5.347205169844566619e-01 2.825138382512428215e-01 2.317855040607010864e-01 9.608225723068358759e-02 6.654942860466620536e-01 2.133181049666229567e-01 4.137590760532003364e-01 2.322994300913883703e-01 2.216249691568069335e-01 2.399986815697296993e-01
5.443487460675993095e-01 4.710926966587074549e-01 5.597287887398572082e-01 5.480337645282451486e-01 2.771004296677267997e-01 2.477641411896410184e-01 7.759727957709554313e-02 6.669304826349581328e-01 2.332248088877283965e-01 4.573552386244001400e-01 1.903445628751826435e-01 1.908228390546509168e-01 2.315868842661295557e-01
5.458969848524584112e-01 5.319892458411544789e-01 5.715475480525410434e-01 5.414906374092416375e-01 2.867328737578962450e-01 2.197298263681345398e-01 8.042030821196764767e-02 6.554441116047355909e-01 2.152023032639610589e-01 4.568196732817859651e-01 1.984832379668837743e-01 1.772692874073982239e-01 2.499179675904090736e-01
5.526136549581821544e-01 5.459647634666663363e-01 5.650708820909899899e-01 5.449641090769743457e-01 2.836379952242840674e-01 2.259469629425940873e-01 8.297387124255362068e-02 6.704405480117167082e-01 2.191579259229877452e-01 4.635275577229952537e-01 1.969361519971029595e-01 1.910435521008016779e-01 2.457598338098585522e-01
5.370087597715228478e-01 5.373147048807073167e-01 5.931193415812630043e-01 5.631170520923801659e-01 3.064840455418047505e-01 2.206647839083824558e-01 8.955217668401539710e-02 6.215992443404106949e-01 2.250226089724983169e-01 4.740466148729209905e-01 1.874221812297658940e-01 1.966676534095526674e-01 2.488627050459895074e-01
5.264779781824664440e-01 5.135816529742556202e-01 5.664644771838250881e-01 5.408106029907376877e-01 2.809491644249014208e-01 2.304450626003330949e-01 9.097570539668264900e-02 6.757809183788749952e-01 2.095760682771094230e-01 4.116411987475974144e-01 2.251547866811355325e-01 2.209553128388119791e-01 2.402428559767621763e-01
5.290423715487122536e-01 5.033510680395094639e-01 5.621679569146332822e-01 5.382516826241945385e-01 2.828971504679192450e-01 2.307629350315908157e-01 9.247499867833615383e-02 6.636798585993501920e-01 2.119367768483424452e-01 4.202439884365926637e-01 2.238060333122446621e-01 2.147404331536520439e-01 2.415586616073372439e-01
5.509624707463539606e-01 5.183307412393362013e-01 5.636095571167328844e-01 5.431220985896683118e-01 2.908932407103155260e-01 2.275906117440297527e-01 9.005159303105832180e-02 6.264032160441548314e-01 2.125169282855483566e-01 4.684102546944959311e-01 1.902629985981355576e-01 1.957543046510482054e-01 2.522869273998937789e-01
5.369500795627428769e-01 5.203837471546627347e-01 5.639667219736360648e-01 5.413278289542524657e-01 2.836774399671096458e-01 2.289229722565104541e-01 8.872008414443911806e-02 6.655125330017773733e-01 2.126278780042326344e-01 4.335087607821302980e-01 2.138915977751215669e-01 2.058293451742702618e-01 2.417298328269608110e-01
5.551861358316318995e-01 5.448267857761310839e-01 5.603540184743264208e-01 5.445508891620587377e-01 2.907111916853034050e-01 2.269302284409260295e-01 8.870723568500345213e-02 6.417797112239980173e-01 2.204324297242642450e-01 4.724292232203631259e-01 1.975131351349315723e-01 1.839521315747073005e-01 2.455589545222421899e-01
5.682726772330506382e-01 5.226456064881808139e-01 5.635012380120762998e-01 5.540568773291487670e-01 3.247961261026237056e-01 2.187777539265566562e-01 1.092611883840184511e-01 5.427321867736161209e-01 2.261209879479993967e-01 5.352914327199667088e-01 1.627055472028025584e-01 1.357192933685640868e-01 2.427839367359327927e-01
5.345211929788715732e-01 5.311353359842607702e-01 5.606353060606328320e-01 5.132688430051521866e-01 2.996493103387563028e-01 2.005836877201138124e-01 9.197772322576257265e-02 6.056579825872520084e-01 1.881084649673772091e-01 4.564428839056971499e-01 2.038601747736698278e-01 1.907042354454487332e-01 2.409007132861141209e-01
5.737155340611936882e-01 5.819051903285998861e-01 5.511696741263815147e-01 5.425469120868395834e-01 2.791310584415560014e-01 2.118510231375694275e-01 8.255541510879993439e-02 6.214276047880357146e-01 2.091088545881799599e-01 4.668640453787997191e-01 1.764801379777793944e-01 1.634349146919263918e-01 2.391729713118663225e-01
5.977451109572460286e-01 5.258996725200193456e-01 5.503798196301421530e-01 5.418471992399890302e-01 3.083307412655457158e-01 2.158266501436973406e-01 8.250099364746722730e-02 6.521215212865256738e-01 2.357950194118902942e-01 4.821407350333273278e-01 2.167239207320097449e-01 1.641989963422546828e-01 2.446984965463810668e-01
5.713373821032675659e-01 5.353377217007249111e-01 5.601074449210003969e-01 5.495828288060028433e-01 2.911179151547991784e-01 2.336843566134058081e-01 8.986340182143721933e-02 6.221972893361212842e-01 2.286316672052118859e-01 5.199776027644046339e-01 1.724775901776019749e-01 1.607746707323270408e-01 2.489138372300907509e-01
5.714030179048056324e-01 5.238494988495904225e-01 5.657486216228195808e-01 5.586520204835568881e-01 3.361225560909825716e-01 2.165086185844647126e-01 1.156264013201898644e-01 5.191985367893962033e-01 2.321844352818717150e-01 5.546370018615289776e-01 1.553462924321803718e-01 1.246071184581084429e-01 2.433333758760666266e-01
5.581561033963226004e-01 4.895440587072666383e-01 5.772189654878037146e-01 5.706300328428061119e-01 3.645084141551152568e-01 2.113952881929560823e-01 1.313074841105107970e-01 4.455291063366633164e-01 2.294303161269847235e-01 5.433029076243423017e-01 1.522010570180004074e-01 1.130475156971222916e-01 2.346825718779393111e-01
5.624639536685303032e-01 5.055845329526944543e-01 5.697065507270953066e-01 5.619396352132340899e-01 3.440750249378058956e-01 2.144933051333345331e-01 1.202356961461467644e-01 4.919181360669855341e-01 2.268658699952536550e-01 5.388395688575995379e-01 1.573478616774082184e-01 1.242078455990596464e-01 2.396437408995101270e-01
5.535876089204592176e-01 4.624210820927214804e-01 5.907951624974369098e-01 5.878305238162734314e-01 3.857304835692048073e-01 2.215887482117476770e-01 1.423145032601768889e-01 4.006496389168051064e-01 2.371890629092320291e-01 5.345085231927397817e-01 1.504792214628702940e-01 1.001431340413106857e-01 2.260930850223695221e-01
5.869184819687355281e-01 5.245347323315769916e-01 5.719349697869727800e-01 5.792839731445018625e-01 2.957726166705074711e-01 2.461371134324320531e-01 7.897458353594635772e-02 6.354572638025822728e-01 2.102329048448557391e-01 5.465137143285607735e-01 1.701461920529847016e-01 1.610302828497938987e-01 2.639511362191145905e-01
5.432622867979501891e-01 5.071313267816668358e-01 5.578469058404114111e-01 5.384785691180180578e-01 2.886372300107841737e-01 2.292776444830514349e-01 9.338290978494229178e-02 6.387240848732445020e-01 2.179868147834806424e-01 4.622014941927362619e-01 2.017802821956877768e-01 1.881818664857210499e-01 2.412194954869091856e-01
5.950831073287287110e-01 6.173386123811775983e-01 5.692824620932818158e-01 5.456104710621317855e-01 2.845502905547618866e-01 2.415033197480029314e-01 8.201697765051815803e-02 6.783987893810811132e-01 2.225382932071054420e-01 5.187315916699760665e-01 1.748833022103077062e-01 1.634926469280169603e-01 2.499705684741961864e-01
5.496929869840019300e-01 5.386110714419557466e-01 5.589332641525701639e-01 5.709537441275783776e-01 3.007877067379329805e-01 2.118272158606299138e-01 7.788635732189511107e-02 6.189124411288297045e-01 1.928454926619395104e-01 5.094724740998328727e-01 1.941307661373440629e-01 1.629676042813739123e-01 2.722993562590548811e-01
5.844363251799029602e-01 5.470569264511817575e-01 5.478745714069050976e-01 4.915108474874004818e-01 2.876976371094908669e-01 2.385830294983140032e-01 7.825604698891880373e-02 6.879407026857699003e-01 2.270319425561156956e-01 4.803954537690905413e-01 2.062445824768970037e-01 1.758738274535935064e-01 2.095592962352083588e-01
8.289602540261846730e-01 1.967893099464547990e-01 7.067796263861206851e-01 7.159410985138690009e-01 2.894371945648859246e-01 6.037149794961742533e-01 1.938392721501646654e-01 7.478795965896252174e-01 6.874834246924647063e-01 9.718436999246478081e-01 7.548211479031410875e-02 2.385995239492730846e-01 2.678692449585812763e-01
6.536080004573849855e-01 3.753263350546713339e-01 6.216044282779735752e-01 5.959120026019104621e-01 2.662283395133588915e-01 3.933075519599791292e-01 1.264713083743608801e-01 6.755291300140461308e-01 4.212200254178386505e-01 7.428208126371834696e-01 1.175624690268461114e-01 1.730751066524944815e-01 2.541768284215287776e-01
5.461431913077831046e-01 5.356778141493971912e-01 5.614639618857339975e-01 5.458727592515961735e-01 2.861711071682688790e-01 2.430420162348911339e-01 9.278674643753953566e-02 6.322684062925992832e-01 2.200223114591221552e-01 4.852920931385695802e-01 1.857564538732414117e-01 1.729586806775995633e-01 2.364730850000269502e-01
5.292900472879409346e-01 5.521477429056356190e-01 5.495501577376044056e-01 5.564922699608754186e-01 2.590902959522993765e-01 2.073270149272063989e-01 8.367087171739163998e-02 6.558937363607703075e-01 2.293984155502605260e-01 4.889632987792987828e-01 1.568436469973587544e-01 1.918704154843212106e-01 2.332213802446482243e-01
5.446714954156623989e-01 5.241214241832495846e-01 5.624273422169175918e-01 5.325151555163344375e-01 2.684999445210332625e-01 2.311247033742958867e-01 8.549561430916252647e-02 6.706551628292730660e-01 2.040238287887456980e-01 4.194993761593774351e-01 2.164688004953105316e-01 2.113404159362499146e-01 2.424114041997600666e-01
5.488043549813724775e-01 5.113795674129908431e-01 5.618297810501912126e-01 5.577396060695354318e-01 2.915512734781141035e-01 2.224192531458262512e-01 9.901958326750162631e-02 5.960431842590278029e-01 2.063064274351679717e-01 4.770306370669257223e-01 2.002509967461834628e-01 1.765137176287800425e-01 2.350215841557686813e-01
5.511765966289920993e-01 5.508404689226225059e-01 5.636912094837521758e-01 5.362781643790682784e-01 3.066551235059032932e-01 2.370367483332239678e-01 9.620827411297504239e-02 6.027119528010205229e-01 2.298303277640124931e-01 5.187302973795262506e-01 1.744338685222636132e-01 1.561683151980131634e-01 2.504330670684257187e-01
5.579929336121208783e-01 5.535839388493022373e-01 5.715802422659919113e-01 5.313632197140418789e-01 2.889987175231394367e-01 2.449964027980278403e-01 8.164028024874657452e-02 6.533871704958519322e-01 2.082063439669387117e-01 4.902483278650268672e-01 1.782260553502455491e-01 1.813992431878552192e-01 2.551959134776480287e-01
5.805365216967305342e-01 5.433114197532179501e-01 5.464942362856737290e-01 5.386349252357925943e-01 2.883730848198351460e-01 2.193528236757064653e-01 9.268816966830678572e-02 5.888254390502313251e-01 2.177019577579167309e-01 5.241161211562237465e-01 1.482524760370332317e-01 1.506278131143514165e-01 2.400772455394182825e-01
6.076286135535492461e-01 5.315720496235393222e-01 5.705767119711732116e-01 5.705013672254749535e-01 3.228707183962282734e-01 2.313384047613061822e-01 1.018391470523071635e-01 6.059280707026427626e-01 2.348925082441948309e-01 4.838526894818393487e-01 1.636460831434261576e-01 1.439275324835881942e-01 2.335209026826431389e-01
5.619336204897417142e-01 5.281312953342092165e-01 5.620694161059065497e-01 5.499587535339687250e-01 2.984790777706581855e-01 2.218500196805288371e-01 9.795578052660641744e-02 5.944636577283436418e-01 2.272592770634954129e-01 5.070523012543903807e-01 1.771948434927357041e-01 1.580083225154396420e-01 2.436018958541640300e-01
5.722143867733203715e-01 5.207546916302557838e-01 5.657041890943237394e-01 5.573341431979512706e-01 3.346443249560568378e-01 2.175598279613166763e-01 1.143639744740796438e-01 5.220610609032072524e-01 2.309478992201118297e-01 5.506431072562576468e-01 1.568559111830422903e-01 1.250587485154114609e-01 2.442972459533908069e-01
5.425369360827301257e-01 5.133325718711370111e-01 5.599985338926792844e-01 5.387343450343793361e-01 2.968763470163811591e-01 2.210009371604899076e-01 9.505443754193336481e-02 6.198474055612986922e-01 2.131667173047453179e-01 4.614345893238387952e-01 1.998424027498425792e-01 1.827206631453755781e-01 2.436251100870154840e-01
5.675776097335313297e-01 4.882342698781387269e-01 5.420341842513988206e-01 5.209378810964294670e-01 3.176925447971924443e-01 2.341384427300814697e-01 9.413204329552025962e-02 6.207240647021329272e-01 2.530277280213328872e-01 5.335647640414611370e-01 1.788947311479870683e-01 1.623186007510501738e-01 2.798473126495445440e-01
5.596029894524499060e-01 5.398112912275809805e-01 5.639937728852590926e-01 5.521721391609784035e-01 2.927709402840422692e-01 2.358499001390461092e-01 9.395517264433864146e-02 6.158360528214922303e-01 2.227080140133573805e-01 4.938757636237876003e-01 1.794973710112697796e-01 1.619818437053061055e-01 2.465482970178871081e-01
5.801977865005797375e-01 6.071472882988896425e-01 5.574426378676280436e-01 5.669585236722661792e-01 2.812316311199379859e-01 2.402448471081603532e-01 8.158343561182293535e-02 6.757369565092167241e-01 2.511913197978814516e-01 5.120303352258513963e-01 1.727845903516300463e-01 1.467716908252937880e-01 2.341413157493854036e-01
5.654750818484709507e-01 5.354281464230873366e-01 5.600699590728244193e-01 5.440544179573502115e-01 2.908294657650201120e-01 2.229877385599859929e-01 9.111862908852312593e-02 6.241247644120792026e-01 2.165400183727312355e-01 5.158133499360875174e-01 1.718976131216357617e-01 1.652283545569840917e-01 2.387082120257505435e-01
5.608196620682351918e-01 5.493054435746708153e-01 5.454247518377826065e-01 5.432363124468277960e-01 3.176107510276462431e-01 2.252418592957587395e-01 8.586685344545397225e-02 6.136088612893561001e-01 2.143348205822875885e-01 4.966672673414591621e-01 1.799556329634373619e-01 1.635319206849996099e-01 2.581782052811559258e-01
5.619648355941632145e-01 5.221394410158098909e-01 5.671248870508317497e-01 5.421792734318326978e-01 3.296016036816264982e-01 2.249007242956551911e-01 9.336130389008466535e-02 6.269339504530917484e-01 2.223398659484055462e-01 4.890948130078487388e-01 1.800930935679367073e-01 1.737348774495797721e-01 2.568242613454688184e-01
5.418633646086644662e-01 5.753784435304256650e-01 5.330597818854021508e-01 5.276700874272082231e-01 3.008058744928110984e-01 2.323982971495595073e-01 8.691948580797288770e-02 6.363395927649624362e-01 2.551229234773090271e-01 5.398462759044795334e-01 1.936222354207581819e-01 1.781231497752142623e-01 2.805577775147263808e-01
