9.802000045776367188e+00 1.013199996948242188e+01 1.000000000000000000e+00
1.035000038146972656e+01 9.767999649047851562e+00 1.000000000000000000e+00
1.009799957275390625e+01 9.987999916076660156e+00 1.000000000000000000e+00
9.729999542236328125e+00 9.909999847412109375e+00 1.000000000000000000e+00
9.753999710083007812e+00 1.043000030517578125e+01 1.000000000000000000e+00
9.836000442504882812e+00 9.902000427246093750e+00 1.000000000000000000e+00
1.023799991607666016e+01 9.866000175476074219e+00 1.000000000000000000e+00
9.529999732971191406e+00 9.862000465393066406e+00 1.000000000000000000e+00
1.015400028228759766e+01 9.819999694824218750e+00 1.000000000000000000e+00
9.336000442504882812e+00 1.045600032806396484e+01 1.000000000000000000e+00
9.378000259399414062e+00 1.021000003814697266e+01 1.000000000000000000e+00
9.711999893188476562e+00 1.026399993896484375e+01 1.000000000000000000e+00
9.637999534606933594e+00 1.020800018310546875e+01 1.000000000000000000e+00
9.517999649047851562e+00 9.956000328063964844e+00 1.000000000000000000e+00
1.023600006103515625e+01 9.909999847412109375e+00 1.000000000000000000e+00
9.399999618530273438e+00 1.008600044250488281e+01 1.000000000000000000e+00
1.019600009918212891e+01 9.746000289916992188e+00 1.000000000000000000e+00
1.013799953460693359e+01 9.828000068664550781e+00 1.000000000000000000e+00
1.006200027465820312e+01 1.026000022888183594e+01 1.000000000000000000e+00
1.039400005340576172e+01 9.984000205993652344e+00 1.000000000000000000e+00
1.028400039672851562e+01 1.034799957275390625e+01 1.000000000000000000e+00
9.706000328063964844e+00 9.977999687194824219e+00 1.000000000000000000e+00
9.906000137329101562e+00 1.058800029754638672e+01 1.000000000000000000e+00
1.035599994659423828e+01 9.197999954223632812e+00 1.000000000000000000e+00
9.954000473022460938e+00 9.704000473022460938e+00 1.000000000000000000e+00
9.795999526977539062e+00 1.037800025939941406e+01 1.000000000000000000e+00
1.038599967956542969e+01 1.060799980163574219e+01 1.000000000000000000e+00
1.040999984741210938e+01 9.911999702453613281e+00 1.000000000000000000e+00
1.017199993133544922e+01 1.059799957275390625e+01 1.000000000000000000e+00
1.028600025177001953e+01 9.711999893188476562e+00 1.000000000000000000e+00
9.932000160217285156e+00 1.023400020599365234e+01 1.000000000000000000e+00
1.029800033569335938e+01 9.947999954223632812e+00 1.000000000000000000e+00
1.035200023651123047e+01 9.932000160217285156e+00 1.000000000000000000e+00
9.847999572753906250e+00 1.032800006866455078e+01 1.000000000000000000e+00
1.051399993896484375e+01 1.049800014495849609e+01 1.000000000000000000e+00
9.944000244140625000e+00 9.934000015258789062e+00 1.000000000000000000e+00
9.920000076293945312e+00 1.002200031280517578e+01 1.000000000000000000e+00
9.907999992370605469e+00 1.060599994659423828e+01 1.000000000000000000e+00
1.018200016021728516e+01 9.989999771118164062e+00 1.000000000000000000e+00
1.025599956512451172e+01 9.250000000000000000e+00 1.000000000000000000e+00
1.203999996185302734e+01 1.002799987792968750e+01 2.000000000000000000e+00
1.208199977874755859e+01 1.004399967193603516e+01 2.000000000000000000e+00
1.239999961853027344e+01 1.015600013732910156e+01 2.000000000000000000e+00
1.198799991607666016e+01 9.925999641418457031e+00 2.000000000000000000e+00
1.234000015258789062e+01 9.918000221252441406e+00 2.000000000000000000e+00
1.222799968719482422e+01 9.977999687194824219e+00 2.000000000000000000e+00
1.234799957275390625e+01 1.048799991607666016e+01 2.000000000000000000e+00
1.204399967193603516e+01 9.357999801635742188e+00 2.000000000000000000e+00
1.173600006103515625e+01 1.012199974060058594e+01 2.000000000000000000e+00
1.235000038146972656e+01 9.798000335693359375e+00 2.000000000000000000e+00
1.124600028991699219e+01 1.012199974060058594e+01 2.000000000000000000e+00
1.227600002288818359e+01 1.098999977111816406e+01 2.000000000000000000e+00
1.237399959564208984e+01 1.001799964904785156e+01 2.000000000000000000e+00
1.252999973297119141e+01 1.000000000000000000e+01 2.000000000000000000e+00
1.227000045776367188e+01 9.791999816894531250e+00 2.000000000000000000e+00
1.236400032043457031e+01 1.017599964141845703e+01 2.000000000000000000e+00
1.245800018310546875e+01 1.018000030517578125e+01 2.000000000000000000e+00
1.195199966430664062e+01 9.682000160217285156e+00 2.000000000000000000e+00
1.177200031280517578e+01 9.923999786376953125e+00 2.000000000000000000e+00
1.150199985504150391e+01 1.000800037384033203e+01 2.000000000000000000e+00
1.213399982452392578e+01 9.482000350952148438e+00 2.000000000000000000e+00
1.162800025939941406e+01 1.028600025177001953e+01 2.000000000000000000e+00
1.206400012969970703e+01 9.616000175476074219e+00 2.000000000000000000e+00
1.190600013732910156e+01 9.819999694824218750e+00 2.000000000000000000e+00
1.173600006103515625e+01 1.028999996185302734e+01 2.000000000000000000e+00
1.211400032043457031e+01 1.090400028228759766e+01 2.000000000000000000e+00
1.159000015258789062e+01 9.711999893188476562e+00 2.000000000000000000e+00
1.264799976348876953e+01 9.814000129699707031e+00 2.000000000000000000e+00
1.216399955749511719e+01 1.101799964904785156e+01 2.000000000000000000e+00
1.222000026702880859e+01 9.795999526977539062e+00 2.000000000000000000e+00
1.184599971771240234e+01 9.633999824523925781e+00 2.000000000000000000e+00
1.180799961090087891e+01 1.005799961090087891e+01 2.000000000000000000e+00
1.209599971771240234e+01 9.845999717712402344e+00 2.000000000000000000e+00
1.159399986267089844e+01 1.007800006866455078e+01 2.000000000000000000e+00
1.225199985504150391e+01 9.937999725341796875e+00 2.000000000000000000e+00
1.199800014495849609e+01 9.675999641418457031e+00 2.000000000000000000e+00
1.189400005340576172e+01 1.001200008392333984e+01 2.000000000000000000e+00
1.227400016784667969e+01 9.935999870300292969e+00 2.000000000000000000e+00
1.217599964141845703e+01 1.036400032043457031e+01 2.000000000000000000e+00
1.210400009155273438e+01 1.038799953460693359e+01 2.000000000000000000e+00
1.137199974060058594e+01 1.146599960327148438e+01 3.000000000000000000e+00
1.093999958038330078e+01 1.148200035095214844e+01 3.000000000000000000e+00
1.108399963378906250e+01 1.155399990081787109e+01 3.000000000000000000e+00
1.123200035095214844e+01 1.137399959564208984e+01 3.000000000000000000e+00
1.122000026702880859e+01 1.164000034332275391e+01 3.000000000000000000e+00
1.096199989318847656e+01 1.175000000000000000e+01 3.000000000000000000e+00
1.101399993896484375e+01 1.174600028991699219e+01 3.000000000000000000e+00
1.152400016784667969e+01 1.098200035095214844e+01 3.000000000000000000e+00
1.101200008392333984e+01 1.136400032043457031e+01 3.000000000000000000e+00
1.119999980926513672e+01 1.106200027465820312e+01 3.000000000000000000e+00
1.162600040435791016e+01 1.189400005340576172e+01 3.000000000000000000e+00
1.122999954223632812e+01 1.172799968719482422e+01 3.000000000000000000e+00
1.114400005340576172e+01 1.190999984741210938e+01 3.000000000000000000e+00
1.110599994659423828e+01 1.186800003051757812e+01 3.000000000000000000e+00
1.152999973297119141e+01 1.191800022125244141e+01 3.000000000000000000e+00
1.121000003814697266e+01 1.111400032043457031e+01 3.000000000000000000e+00
1.074600028991699219e+01 1.170199966430664062e+01 3.000000000000000000e+00
1.115400028228759766e+01 1.169200038909912109e+01 3.000000000000000000e+00
1.141199970245361328e+01 1.192399978637695312e+01 3.000000000000000000e+00
1.094799995422363281e+01 1.153199958801269531e+01 3.000000000000000000e+00
1.098799991607666016e+01 1.229800033569335938e+01 3.000000000000000000e+00
1.096000003814697266e+01 1.139200019836425781e+01 3.000000000000000000e+00
1.165600013732910156e+01 1.134599971771240234e+01 3.000000000000000000e+00
1.117800045013427734e+01 1.206200027465820312e+01 3.000000000000000000e+00
1.136800003051757812e+01 1.156000041961669922e+01 3.000000000000000000e+00
1.126399993896484375e+01 1.172399997711181641e+01 3.000000000000000000e+00
1.155399990081787109e+01 1.157600021362304688e+01 3.000000000000000000e+00
1.097399997711181641e+01 1.111400032043457031e+01 3.000000000000000000e+00
1.111999988555908203e+01 1.163399982452392578e+01 3.000000000000000000e+00
1.151000022888183594e+01 1.205200004577636719e+01 3.000000000000000000e+00
1.094999980926513672e+01 1.140200042724609375e+01 3.000000000000000000e+00
1.186400032043457031e+01 1.240600013732910156e+01 3.000000000000000000e+00
1.119799995422363281e+01 1.085400009155273438e+01 3.000000000000000000e+00
1.164999961853027344e+01 1.149600028991699219e+01 3.000000000000000000e+00
1.124800014495849609e+01 1.172200012207031250e+01 3.000000000000000000e+00
1.160200023651123047e+01 1.188799953460693359e+01 3.000000000000000000e+00
1.142399978637695312e+01 1.145400047302246094e+01 3.000000000000000000e+00
1.131200027465820312e+01 1.171800041198730469e+01 3.000000000000000000e+00
1.073600006103515625e+01 1.168000030517578125e+01 3.000000000000000000e+00
1.156000041961669922e+01 1.179800033569335938e+01 3.000000000000000000e+00
1.002799987792968750e+01 1.226799964904785156e+01 4.000000000000000000e+00
9.281999588012695312e+00 1.197599983215332031e+01 4.000000000000000000e+00
9.178000450134277344e+00 1.152999973297119141e+01 4.000000000000000000e+00
9.954000473022460938e+00 1.239799976348876953e+01 4.000000000000000000e+00
9.621999740600585938e+00 1.155799961090087891e+01 4.000000000000000000e+00
9.913999557495117188e+00 1.184399986267089844e+01 4.000000000000000000e+00
9.069999694824218750e+00 1.109200000762939453e+01 4.000000000000000000e+00
1.057800006866455078e+01 1.135400009155273438e+01 4.000000000000000000e+00
9.581999778747558594e+00 1.214000034332275391e+01 4.000000000000000000e+00
9.621999740600585938e+00 1.152799987792968750e+01 4.000000000000000000e+00
9.350000381469726562e+00 1.171000003814697266e+01 4.000000000000000000e+00
1.023400020599365234e+01 1.197399997711181641e+01 4.000000000000000000e+00
8.986000061035156250e+00 1.231000041961669922e+01 4.000000000000000000e+00
9.437999725341796875e+00 1.210999965667724609e+01 4.000000000000000000e+00
9.592000007629394531e+00 1.201200008392333984e+01 4.000000000000000000e+00
9.666000366210937500e+00 1.188000011444091797e+01 4.000000000000000000e+00
9.364000320434570312e+00 1.201200008392333984e+01 4.000000000000000000e+00
9.710000038146972656e+00 1.177200031280517578e+01 4.000000000000000000e+00
9.991999626159667969e+00 1.183600044250488281e+01 4.000000000000000000e+00
9.916000366210937500e+00 1.202799987792968750e+01 4.000000000000000000e+00
9.381999969482421875e+00 1.222599983215332031e+01 4.000000000000000000e+00
9.807999610900878906e+00 1.222999954223632812e+01 4.000000000000000000e+00
9.272000312805175781e+00 1.215200042724609375e+01 4.000000000000000000e+00
9.392000198364257812e+00 1.118000030517578125e+01 4.000000000000000000e+00
9.279999732971191406e+00 1.197599983215332031e+01 4.000000000000000000e+00
9.847999572753906250e+00 1.163199996948242188e+01 4.000000000000000000e+00
9.321999549865722656e+00 1.151399993896484375e+01 4.000000000000000000e+00
9.718000411987304688e+00 1.194999980926513672e+01 4.000000000000000000e+00
9.119999885559082031e+00 1.176000022888183594e+01 4.000000000000000000e+00
8.977999687194824219e+00 1.236999988555908203e+01 4.000000000000000000e+00
1.007199954986572266e+01 1.220199966430664062e+01 4.000000000000000000e+00
9.965999603271484375e+00 1.182199954986572266e+01 4.000000000000000000e+00
9.505999565124511719e+00 1.164799976348876953e+01 4.000000000000000000e+00
9.701999664306640625e+00 1.153600025177001953e+01 4.000000000000000000e+00
9.449999809265136719e+00 1.196000003814697266e+01 4.000000000000000000e+00
9.916000366210937500e+00 1.196199989318847656e+01 4.000000000000000000e+00
9.960000038146972656e+00 1.153800010681152344e+01 4.000000000000000000e+00
9.013999938964843750e+00 1.174400043487548828e+01 4.000000000000000000e+00
9.024000167846679688e+00 1.184599971771240234e+01 4.000000000000000000e+00
1.029599952697753906e+01 1.160999965667724609e+01 4.000000000000000000e+00
7.869999885559082031e+00 1.083800029754638672e+01 5.000000000000000000e+00
8.163999557495117188e+00 1.053400039672851562e+01 5.000000000000000000e+00
8.213999748229980469e+00 1.061999988555908203e+01 5.000000000000000000e+00
8.166000366210937500e+00 1.069799995422363281e+01 5.000000000000000000e+00
8.050000190734863281e+00 1.074600028991699219e+01 5.000000000000000000e+00
7.978000164031982422e+00 1.113000011444091797e+01 5.000000000000000000e+00
8.079999923706054688e+00 1.099199962615966797e+01 5.000000000000000000e+00
8.472000122070312500e+00 1.108199977874755859e+01 5.000000000000000000e+00
8.494000434875488281e+00 1.058399963378906250e+01 5.000000000000000000e+00
8.354000091552734375e+00 1.038000011444091797e+01 5.000000000000000000e+00
8.095999717712402344e+00 1.071399974822998047e+01 5.000000000000000000e+00
7.881999969482421875e+00 1.083199977874755859e+01 5.000000000000000000e+00
7.907999992370605469e+00 1.134599971771240234e+01 5.000000000000000000e+00
7.814000129699707031e+00 1.087199974060058594e+01 5.000000000000000000e+00
8.279999732971191406e+00 1.010400009155273438e+01 5.000000000000000000e+00
8.081999778747558594e+00 1.067599964141845703e+01 5.000000000000000000e+00
8.067999839782714844e+00 1.011800003051757812e+01 5.000000000000000000e+00
8.116000175476074219e+00 1.069799995422363281e+01 5.000000000000000000e+00
8.041999816894531250e+00 1.078999996185302734e+01 5.000000000000000000e+00
8.095999717712402344e+00 1.087800025939941406e+01 5.000000000000000000e+00
8.123999595642089844e+00 1.093200016021728516e+01 5.000000000000000000e+00
8.631999969482421875e+00 1.112399959564208984e+01 5.000000000000000000e+00
8.270000457763671875e+00 1.071599960327148438e+01 5.000000000000000000e+00
7.622000217437744141e+00 1.014799976348876953e+01 5.000000000000000000e+00
8.197999954223632812e+00 1.139799976348876953e+01 5.000000000000000000e+00
8.581999778747558594e+00 1.106400012969970703e+01 5.000000000000000000e+00
7.941999912261962891e+00 1.107600021362304688e+01 5.000000000000000000e+00
8.003999710083007812e+00 1.057400035858154297e+01 5.000000000000000000e+00
8.503999710083007812e+00 1.137800025939941406e+01 5.000000000000000000e+00
8.118000030517578125e+00 1.101200008392333984e+01 5.000000000000000000e+00
7.874000072479248047e+00 1.129599952697753906e+01 5.000000000000000000e+00
7.668000221252441406e+00 1.092399978637695312e+01 5.000000000000000000e+00
7.966000080108642578e+00 1.072000026702880859e+01 5.000000000000000000e+00
7.940000057220458984e+00 1.099600028991699219e+01 5.000000000000000000e+00
7.987999916076660156e+00 1.122799968719482422e+01 5.000000000000000000e+00
8.163999557495117188e+00 1.111200046539306641e+01 5.000000000000000000e+00
8.385999679565429688e+00 1.077200031280517578e+01 5.000000000000000000e+00
8.248000144958496094e+00 1.099400043487548828e+01 5.000000000000000000e+00
8.286000251770019531e+00 1.073400020599365234e+01 5.000000000000000000e+00
8.223999977111816406e+00 1.031599998474121094e+01 5.000000000000000000e+00
7.975999832153320312e+00 9.578000068664550781e+00 6.000000000000000000e+00
7.875999927520751953e+00 8.795999526977539062e+00 6.000000000000000000e+00
8.171999931335449219e+00 9.010000228881835938e+00 6.000000000000000000e+00
8.067999839782714844e+00 9.201999664306640625e+00 6.000000000000000000e+00
8.416000366210937500e+00 8.654000282287597656e+00 6.000000000000000000e+00
8.710000038146972656e+00 8.458000183105468750e+00 6.000000000000000000e+00
8.055999755859375000e+00 8.434000015258789062e+00 6.000000000000000000e+00
7.303999900817871094e+00 9.265999794006347656e+00 6.000000000000000000e+00
8.118000030517578125e+00 8.607999801635742188e+00 6.000000000000000000e+00
7.616000175476074219e+00 9.446000099182128906e+00 6.000000000000000000e+00
8.092000007629394531e+00 8.956000328063964844e+00 6.000000000000000000e+00
8.368000030517578125e+00 8.968000411987304688e+00 6.000000000000000000e+00
8.022000312805175781e+00 9.333999633789062500e+00 6.000000000000000000e+00
8.319999694824218750e+00 9.062000274658203125e+00 6.000000000000000000e+00
7.831999778747558594e+00 8.951999664306640625e+00 6.000000000000000000e+00
7.703999996185302734e+00 8.671999931335449219e+00 6.000000000000000000e+00
8.236000061035156250e+00 9.107999801635742188e+00 6.000000000000000000e+00
8.369999885559082031e+00 8.904000282287597656e+00 6.000000000000000000e+00
8.352000236511230469e+00 8.895999908447265625e+00 6.000000000000000000e+00
8.045999526977539062e+00 9.227999687194824219e+00 6.000000000000000000e+00
7.710000038146972656e+00 9.538000106811523438e+00 6.000000000000000000e+00
8.534000396728515625e+00 8.550000190734863281e+00 6.000000000000000000e+00
7.995999813079833984e+00 9.171999931335449219e+00 6.000000000000000000e+00
8.045999526977539062e+00 9.204000473022460938e+00 6.000000000000000000e+00
8.621999740600585938e+00 9.173999786376953125e+00 6.000000000000000000e+00
7.776000022888183594e+00 8.897999763488769531e+00 6.000000000000000000e+00
8.225999832153320312e+00 9.038000106811523438e+00 6.000000000000000000e+00
7.903999805450439453e+00 9.194000244140625000e+00 6.000000000000000000e+00
7.874000072479248047e+00 8.855999946594238281e+00 6.000000000000000000e+00
7.992000102996826172e+00 8.951999664306640625e+00 6.000000000000000000e+00
8.262000083923339844e+00 9.468000411987304688e+00 6.000000000000000000e+00
8.088000297546386719e+00 9.293999671936035156e+00 6.000000000000000000e+00
8.034000396728515625e+00 9.791999816894531250e+00 6.000000000000000000e+00
8.352000236511230469e+00 9.015999794006347656e+00 6.000000000000000000e+00
7.849999904632568359e+00 9.333999633789062500e+00 6.000000000000000000e+00
8.404000282287597656e+00 9.366000175476074219e+00 6.000000000000000000e+00
7.892000198364257812e+00 8.807999610900878906e+00 6.000000000000000000e+00
8.201999664306640625e+00 9.232000350952148438e+00 6.000000000000000000e+00
7.668000221252441406e+00 9.026000022888183594e+00 6.000000000000000000e+00
8.241999626159667969e+00 9.307999610900878906e+00 6.000000000000000000e+00
9.432000160217285156e+00 8.609999656677246094e+00 7.000000000000000000e+00
1.006599998474121094e+01 8.189999580383300781e+00 7.000000000000000000e+00
9.145999908447265625e+00 8.043999671936035156e+00 7.000000000000000000e+00
9.661999702453613281e+00 7.866000175476074219e+00 7.000000000000000000e+00
9.600000381469726562e+00 7.874000072479248047e+00 7.000000000000000000e+00
8.618000030517578125e+00 8.552000045776367188e+00 7.000000000000000000e+00
9.333999633789062500e+00 7.657999992370605469e+00 7.000000000000000000e+00
9.423999786376953125e+00 7.829999923706054688e+00 7.000000000000000000e+00
8.892000198364257812e+00 8.166000366210937500e+00 7.000000000000000000e+00
9.385999679565429688e+00 7.745999813079833984e+00 7.000000000000000000e+00
9.878000259399414062e+00 8.053999900817871094e+00 7.000000000000000000e+00
9.557999610900878906e+00 7.947999954223632812e+00 7.000000000000000000e+00
9.222000122070312500e+00 8.001999855041503906e+00 7.000000000000000000e+00
9.520000457763671875e+00 8.281999588012695312e+00 7.000000000000000000e+00
9.760000228881835938e+00 7.932000160217285156e+00 7.000000000000000000e+00
9.567999839782714844e+00 8.052000045776367188e+00 7.000000000000000000e+00
9.736000061035156250e+00 7.552000045776367188e+00 7.000000000000000000e+00
9.583999633789062500e+00 8.477999687194824219e+00 7.000000000000000000e+00
9.357999801635742188e+00 8.241999626159667969e+00 7.000000000000000000e+00
9.404000282287597656e+00 7.789999961853027344e+00 7.000000000000000000e+00
9.458000183105468750e+00 8.539999961853027344e+00 7.000000000000000000e+00
9.482000350952148438e+00 7.765999794006347656e+00 7.000000000000000000e+00
8.843999862670898438e+00 8.024000167846679688e+00 7.000000000000000000e+00
9.289999961853027344e+00 8.472000122070312500e+00 7.000000000000000000e+00
9.274000167846679688e+00 7.565999984741210938e+00 7.000000000000000000e+00
9.109999656677246094e+00 8.013999938964843750e+00 7.000000000000000000e+00
9.541999816894531250e+00 7.688000202178955078e+00 7.000000000000000000e+00
9.432000160217285156e+00 8.121999740600585938e+00 7.000000000000000000e+00
9.786000251770019531e+00 8.065999984741210938e+00 7.000000000000000000e+00
9.381999969482421875e+00 7.664000034332275391e+00 7.000000000000000000e+00
9.404000282287597656e+00 8.227999687194824219e+00 7.000000000000000000e+00
9.145999908447265625e+00 8.157999992370605469e+00 7.000000000000000000e+00
9.621999740600585938e+00 8.003999710083007812e+00 7.000000000000000000e+00
1.028600025177001953e+01 7.892000198364257812e+00 7.000000000000000000e+00
9.430000305175781250e+00 7.676000118255615234e+00 7.000000000000000000e+00
9.439999580383300781e+00 8.057999610900878906e+00 7.000000000000000000e+00
9.788000106811523438e+00 7.684000015258789062e+00 7.000000000000000000e+00
9.586000442504882812e+00 7.909999847412109375e+00 7.000000000000000000e+00
9.694000244140625000e+00 7.447999954223632812e+00 7.000000000000000000e+00
9.576000213623046875e+00 7.866000175476074219e+00 7.000000000000000000e+00
1.144200038909912109e+01 8.687999725341796875e+00 8.000000000000000000e+00
1.146599960327148438e+01 8.557999610900878906e+00 8.000000000000000000e+00
1.067399978637695312e+01 8.935999870300292969e+00 8.000000000000000000e+00
1.122999954223632812e+01 8.126000404357910156e+00 8.000000000000000000e+00
1.161400032043457031e+01 8.588000297546386719e+00 8.000000000000000000e+00
1.159000015258789062e+01 8.496000289916992188e+00 8.000000000000000000e+00
1.153600025177001953e+01 7.585999965667724609e+00 8.000000000000000000e+00
1.163799953460693359e+01 8.265999794006347656e+00 8.000000000000000000e+00
1.115999984741210938e+01 8.430000305175781250e+00 8.000000000000000000e+00
1.090400028228759766e+01 8.531999588012695312e+00 8.000000000000000000e+00
1.128400039672851562e+01 8.741999626159667969e+00 8.000000000000000000e+00
1.125000000000000000e+01 8.192000389099121094e+00 8.000000000000000000e+00
1.084000015258789062e+01 8.218000411987304688e+00 8.000000000000000000e+00
1.179800033569335938e+01 8.836000442504882812e+00 8.000000000000000000e+00
1.151000022888183594e+01 8.093999862670898438e+00 8.000000000000000000e+00
1.093200016021728516e+01 7.796000003814697266e+00 8.000000000000000000e+00
1.140400028228759766e+01 8.206000328063964844e+00 8.000000000000000000e+00
1.108800029754638672e+01 8.326000213623046875e+00 8.000000000000000000e+00
1.133399963378906250e+01 8.170000076293945312e+00 8.000000000000000000e+00
1.127200031280517578e+01 8.394000053405761719e+00 8.000000000000000000e+00
1.159000015258789062e+01 8.407999992370605469e+00 8.000000000000000000e+00
1.121199989318847656e+01 8.515999794006347656e+00 8.000000000000000000e+00
1.156599998474121094e+01 8.024000167846679688e+00 8.000000000000000000e+00
1.124600028991699219e+01 8.583999633789062500e+00 8.000000000000000000e+00
1.125199985504150391e+01 8.565999984741210938e+00 8.000000000000000000e+00
1.077999973297119141e+01 8.293999671936035156e+00 8.000000000000000000e+00
1.103999996185302734e+01 8.321999549865722656e+00 8.000000000000000000e+00
1.119799995422363281e+01 7.886000156402587891e+00 8.000000000000000000e+00
1.116800022125244141e+01 8.262000083923339844e+00 8.000000000000000000e+00
1.188000011444091797e+01 8.079999923706054688e+00 8.000000000000000000e+00
1.135599994659423828e+01 8.586000442504882812e+00 8.000000000000000000e+00
1.118200016021728516e+01 8.342000007629394531e+00 8.000000000000000000e+00
1.083600044250488281e+01 8.663999557495117188e+00 8.000000000000000000e+00
1.169600009918212891e+01 8.906000137329101562e+00 8.000000000000000000e+00
1.128199958801269531e+01 8.279999732971191406e+00 8.000000000000000000e+00
1.071800041198730469e+01 8.534000396728515625e+00 8.000000000000000000e+00
1.044400024414062500e+01 8.684000015258789062e+00 8.000000000000000000e+00
1.112399959564208984e+01 8.618000030517578125e+00 8.000000000000000000e+00
1.139200019836425781e+01 8.939999580383300781e+00 8.000000000000000000e+00
1.121199989318847656e+01 8.307999610900878906e+00 8.000000000000000000e+00
1.667399978637695312e+01 9.637999534606933594e+00 9.000000000000000000e+00
1.616200065612792969e+01 1.030200004577636719e+01 9.000000000000000000e+00
1.661199951171875000e+01 1.021800041198730469e+01 9.000000000000000000e+00
1.610000038146972656e+01 9.701999664306640625e+00 9.000000000000000000e+00
1.640399932861328125e+01 1.007199954986572266e+01 9.000000000000000000e+00
1.593000030517578125e+01 1.010599994659423828e+01 9.000000000000000000e+00
1.612800025939941406e+01 9.887999534606933594e+00 9.000000000000000000e+00
1.640999984741210938e+01 1.018799972534179688e+01 9.000000000000000000e+00
1.598200035095214844e+01 9.920000076293945312e+00 9.000000000000000000e+00
1.622400093078613281e+01 1.002000045776367188e+01 9.000000000000000000e+00
1.629599952697753906e+01 9.458000183105468750e+00 9.000000000000000000e+00
1.658600044250488281e+01 1.017399978637695312e+01 9.000000000000000000e+00
1.631399917602539062e+01 1.071599960327148438e+01 9.000000000000000000e+00
1.627799987792968750e+01 9.451999664306640625e+00 9.000000000000000000e+00
1.662199974060058594e+01 9.652000427246093750e+00 9.000000000000000000e+00
1.621999931335449219e+01 9.494000434875488281e+00 9.000000000000000000e+00
1.662599945068359375e+01 1.016199970245361328e+01 9.000000000000000000e+00
1.698200035095214844e+01 1.059599971771240234e+01 9.000000000000000000e+00
1.627000045776367188e+01 1.012800025939941406e+01 9.000000000000000000e+00
1.620199966430664062e+01 9.699999809265136719e+00 9.000000000000000000e+00
1.653199958801269531e+01 9.776000022888183594e+00 9.000000000000000000e+00
1.712400054931640625e+01 9.725999832153320312e+00 9.000000000000000000e+00
1.646999931335449219e+01 9.697999954223632812e+00 9.000000000000000000e+00
1.600399971008300781e+01 1.027999973297119141e+01 9.000000000000000000e+00
1.636599922180175781e+01 9.795999526977539062e+00 9.000000000000000000e+00
1.626799964904785156e+01 9.522000312805175781e+00 9.000000000000000000e+00
1.612999916076660156e+01 9.748000144958496094e+00 9.000000000000000000e+00
1.667000007629394531e+01 1.049800014495849609e+01 9.000000000000000000e+00
1.648800086975097656e+01 1.054199981689453125e+01 9.000000000000000000e+00
1.656999969482421875e+01 1.021000003814697266e+01 9.000000000000000000e+00
1.645599937438964844e+01 1.011200046539306641e+01 9.000000000000000000e+00
1.648200035095214844e+01 9.986000061035156250e+00 9.000000000000000000e+00
1.658399963378906250e+01 9.753999710083007812e+00 9.000000000000000000e+00
1.610000038146972656e+01 9.930000305175781250e+00 9.000000000000000000e+00
1.622599983215332031e+01 9.670000076293945312e+00 9.000000000000000000e+00
1.644799995422363281e+01 9.565999984741210938e+00 9.000000000000000000e+00
1.657200050354003906e+01 9.623999595642089844e+00 9.000000000000000000e+00
1.643600082397460938e+01 9.409999847412109375e+00 9.000000000000000000e+00
1.650200080871582031e+01 9.979999542236328125e+00 9.000000000000000000e+00
1.641799926757812500e+01 9.965999603271484375e+00 9.000000000000000000e+00
1.436200046539306641e+01 1.464400005340576172e+01 1.000000000000000000e+01
1.413799953460693359e+01 1.463000011444091797e+01 1.000000000000000000e+01
1.406400012969970703e+01 1.507199954986572266e+01 1.000000000000000000e+01
1.369200038909912109e+01 1.495800018310546875e+01 1.000000000000000000e+01
1.423799991607666016e+01 1.529599952697753906e+01 1.000000000000000000e+01
1.372999954223632812e+01 1.512800025939941406e+01 1.000000000000000000e+01
1.395199966430664062e+01 1.486800003051757812e+01 1.000000000000000000e+01
1.398600006103515625e+01 1.477000045776367188e+01 1.000000000000000000e+01
1.391600036621093750e+01 1.499600028991699219e+01 1.000000000000000000e+01
1.387399959564208984e+01 1.495400047302246094e+01 1.000000000000000000e+01
1.416800022125244141e+01 1.527600002288818359e+01 1.000000000000000000e+01
1.427799987792968750e+01 1.515200042724609375e+01 1.000000000000000000e+01
1.409799957275390625e+01 1.489999961853027344e+01 1.000000000000000000e+01
1.376399993896484375e+01 1.521199989318847656e+01 1.000000000000000000e+01
1.394799995422363281e+01 1.421800041198730469e+01 1.000000000000000000e+01
1.413000011444091797e+01 1.483800029754638672e+01 1.000000000000000000e+01
1.336200046539306641e+01 1.493200016021728516e+01 1.000000000000000000e+01
1.354599952697753906e+01 1.484399986267089844e+01 1.000000000000000000e+01
1.413000011444091797e+01 1.510999965667724609e+01 1.000000000000000000e+01
1.381599998474121094e+01 1.460200023651123047e+01 1.000000000000000000e+01
1.438599967956542969e+01 1.468599987030029297e+01 1.000000000000000000e+01
1.378600025177001953e+01 1.472599983215332031e+01 1.000000000000000000e+01
1.420400047302246094e+01 1.482199954986572266e+01 1.000000000000000000e+01
1.385599994659423828e+01 1.520600032806396484e+01 1.000000000000000000e+01
1.407400035858154297e+01 1.438399982452392578e+01 1.000000000000000000e+01
1.368000030517578125e+01 1.498799991607666016e+01 1.000000000000000000e+01
1.420400047302246094e+01 1.497599983215332031e+01 1.000000000000000000e+01
1.338799953460693359e+01 1.539000034332275391e+01 1.000000000000000000e+01
1.370800018310546875e+01 1.504800033569335938e+01 1.000000000000000000e+01
1.411400032043457031e+01 1.536600017547607422e+01 1.000000000000000000e+01
1.439999961853027344e+01 1.503999996185302734e+01 1.000000000000000000e+01
1.419400024414062500e+01 1.503999996185302734e+01 1.000000000000000000e+01
1.388799953460693359e+01 1.543599987030029297e+01 1.000000000000000000e+01
1.395800018310546875e+01 1.532199954986572266e+01 1.000000000000000000e+01
1.392199993133544922e+01 1.480200004577636719e+01 1.000000000000000000e+01
1.365200042724609375e+01 1.460200023651123047e+01 1.000000000000000000e+01
1.429399967193603516e+01 1.499600028991699219e+01 1.000000000000000000e+01
1.381000041961669922e+01 1.452600002288818359e+01 1.000000000000000000e+01
1.340799999237060547e+01 1.534000015258789062e+01 1.000000000000000000e+01
1.383399963378906250e+01 1.477799987792968750e+01 1.000000000000000000e+01
8.826000213623046875e+00 1.647400093078613281e+01 1.100000000000000000e+01
8.329999923706054688e+00 1.648800086975097656e+01 1.100000000000000000e+01
8.468000411987304688e+00 1.637800025939941406e+01 1.100000000000000000e+01
8.904000282287597656e+00 1.584599971771240234e+01 1.100000000000000000e+01
8.661999702453613281e+00 1.635400009155273438e+01 1.100000000000000000e+01
8.684000015258789062e+00 1.677599906921386719e+01 1.100000000000000000e+01
8.329999923706054688e+00 1.606599998474121094e+01 1.100000000000000000e+01
8.904000282287597656e+00 1.640200042724609375e+01 1.100000000000000000e+01
8.777999877929687500e+00 1.648600006103515625e+01 1.100000000000000000e+01
8.810000419616699219e+00 1.645800018310546875e+01 1.100000000000000000e+01
8.397999763488769531e+00 1.657600021362304688e+01 1.100000000000000000e+01
8.541999816894531250e+00 1.591800022125244141e+01 1.100000000000000000e+01
9.064000129699707031e+00 1.645599937438964844e+01 1.100000000000000000e+01
9.152000427246093750e+00 1.609399986267089844e+01 1.100000000000000000e+01
8.614000320434570312e+00 1.590799999237060547e+01 1.100000000000000000e+01
8.565999984741210938e+00 1.701199913024902344e+01 1.100000000000000000e+01
8.119999885559082031e+00 1.611000061035156250e+01 1.100000000000000000e+01
8.843999862670898438e+00 1.602599906921386719e+01 1.100000000000000000e+01
8.397999763488769531e+00 1.628199958801269531e+01 1.100000000000000000e+01
8.807999610900878906e+00 1.559000015258789062e+01 1.100000000000000000e+01
8.501999855041503906e+00 1.616600036621093750e+01 1.100000000000000000e+01
8.942000389099121094e+00 1.619000053405761719e+01 1.100000000000000000e+01
8.376000404357910156e+00 1.611199951171875000e+01 1.100000000000000000e+01
8.517999649047851562e+00 1.584000015258789062e+01 1.100000000000000000e+01
8.878000259399414062e+00 1.600399971008300781e+01 1.100000000000000000e+01
8.581999778747558594e+00 1.677400016784667969e+01 1.100000000000000000e+01
8.248000144958496094e+00 1.615399932861328125e+01 1.100000000000000000e+01
8.588000297546386719e+00 1.623999977111816406e+01 1.100000000000000000e+01
8.706000328063964844e+00 1.637400054931640625e+01 1.100000000000000000e+01
8.524000167846679688e+00 1.639200019836425781e+01 1.100000000000000000e+01
8.458000183105468750e+00 1.645199966430664062e+01 1.100000000000000000e+01
8.829999923706054688e+00 1.636000061035156250e+01 1.100000000000000000e+01
8.616000175476074219e+00 1.611199951171875000e+01 1.100000000000000000e+01
8.843999862670898438e+00 1.636199951171875000e+01 1.100000000000000000e+01
8.468000411987304688e+00 1.592800045013427734e+01 1.100000000000000000e+01
8.619999885559082031e+00 1.667399978637695312e+01 1.100000000000000000e+01
8.973999977111816406e+00 1.653000068664550781e+01 1.100000000000000000e+01
8.826000213623046875e+00 1.608399963378906250e+01 1.100000000000000000e+01
8.104000091552734375e+00 1.596199989318847656e+01 1.100000000000000000e+01
8.385999679565429688e+00 1.623999977111816406e+01 1.100000000000000000e+01
4.576000213623046875e+00 1.287800025939941406e+01 1.200000000000000000e+01
4.460000038146972656e+00 1.315999984741210938e+01 1.200000000000000000e+01
3.631999969482421875e+00 1.286200046539306641e+01 1.200000000000000000e+01
4.237999916076660156e+00 1.250599956512451172e+01 1.200000000000000000e+01
4.348000049591064453e+00 1.326799964904785156e+01 1.200000000000000000e+01
3.788000106811523438e+00 1.237199974060058594e+01 1.200000000000000000e+01
4.190000057220458984e+00 1.277200031280517578e+01 1.200000000000000000e+01
3.859999895095825195e+00 1.270600032806396484e+01 1.200000000000000000e+01
3.977999925613403320e+00 1.330799961090087891e+01 1.200000000000000000e+01
4.335999965667724609e+00 1.285400009155273438e+01 1.200000000000000000e+01
4.217999935150146484e+00 1.302999973297119141e+01 1.200000000000000000e+01
4.250000000000000000e+00 1.300199985504150391e+01 1.200000000000000000e+01
4.334000110626220703e+00 1.306000041961669922e+01 1.200000000000000000e+01
4.653999805450439453e+00 1.256599998474121094e+01 1.200000000000000000e+01
4.380000114440917969e+00 1.279199981689453125e+01 1.200000000000000000e+01
3.967999935150146484e+00 1.301599979400634766e+01 1.200000000000000000e+01
4.613999843597412109e+00 1.252600002288818359e+01 1.200000000000000000e+01
3.950000047683715820e+00 1.267000007629394531e+01 1.200000000000000000e+01
4.038000106811523438e+00 1.267000007629394531e+01 1.200000000000000000e+01
4.426000118255615234e+00 1.223799991607666016e+01 1.200000000000000000e+01
4.065999984741210938e+00 1.251399993896484375e+01 1.200000000000000000e+01
4.248000144958496094e+00 1.239200019836425781e+01 1.200000000000000000e+01
4.610000133514404297e+00 1.294999980926513672e+01 1.200000000000000000e+01
4.328000068664550781e+00 1.298999977111816406e+01 1.200000000000000000e+01
4.500000000000000000e+00 1.252200031280517578e+01 1.200000000000000000e+01
4.176000118255615234e+00 1.271000003814697266e+01 1.200000000000000000e+01
4.492000102996826172e+00 1.246399974822998047e+01 1.200000000000000000e+01
4.133999824523925781e+00 1.283399963378906250e+01 1.200000000000000000e+01
4.315999984741210938e+00 1.276399993896484375e+01 1.200000000000000000e+01
4.453999996185302734e+00 1.208399963378906250e+01 1.200000000000000000e+01
4.052000045776367188e+00 1.293400001525878906e+01 1.200000000000000000e+01
4.260000228881835938e+00 1.311800003051757812e+01 1.200000000000000000e+01
4.058000087738037109e+00 1.371800041198730469e+01 1.200000000000000000e+01
4.239999771118164062e+00 1.262600040435791016e+01 1.200000000000000000e+01
3.838000059127807617e+00 1.223200035095214844e+01 1.200000000000000000e+01
4.127999782562255859e+00 1.339999961853027344e+01 1.200000000000000000e+01
3.763999938964843750e+00 1.238000011444091797e+01 1.200000000000000000e+01
4.423999786376953125e+00 1.318599987030029297e+01 1.200000000000000000e+01
4.234000205993652344e+00 1.299400043487548828e+01 1.200000000000000000e+01
5.130000114440917969e+00 1.329599952697753906e+01 1.200000000000000000e+01
3.900000095367431641e+00 6.742000102996826172e+00 1.300000000000000000e+01
3.993999958038330078e+00 7.205999851226806641e+00 1.300000000000000000e+01
4.277999877929687500e+00 7.222000122070312500e+00 1.300000000000000000e+01
4.171999931335449219e+00 6.848000049591064453e+00 1.300000000000000000e+01
3.881999969482421875e+00 6.894000053405761719e+00 1.300000000000000000e+01
3.936000108718872070e+00 6.993999958038330078e+00 1.300000000000000000e+01
4.162000179290771484e+00 6.869999885559082031e+00 1.300000000000000000e+01
3.762000083923339844e+00 7.099999904632568359e+00 1.300000000000000000e+01
4.256000041961669922e+00 7.611999988555908203e+00 1.300000000000000000e+01
4.550000190734863281e+00 6.822000026702880859e+00 1.300000000000000000e+01
4.061999797821044922e+00 6.984000205993652344e+00 1.300000000000000000e+01
4.026000022888183594e+00 7.230000019073486328e+00 1.300000000000000000e+01
4.363999843597412109e+00 7.184000015258789062e+00 1.300000000000000000e+01
4.291999816894531250e+00 7.208000183105468750e+00 1.300000000000000000e+01
4.288000106811523438e+00 6.909999847412109375e+00 1.300000000000000000e+01
4.018000125885009766e+00 7.061999797821044922e+00 1.300000000000000000e+01
4.070000171661376953e+00 7.104000091552734375e+00 1.300000000000000000e+01
4.547999858856201172e+00 7.653999805450439453e+00 1.300000000000000000e+01
4.401999950408935547e+00 7.081999778747558594e+00 1.300000000000000000e+01
3.691999912261962891e+00 7.489999771118164062e+00 1.300000000000000000e+01
4.888000011444091797e+00 7.193999767303466797e+00 1.300000000000000000e+01
4.455999851226806641e+00 7.145999908447265625e+00 1.300000000000000000e+01
4.731999874114990234e+00 7.153999805450439453e+00 1.300000000000000000e+01
4.087999820709228516e+00 7.211999893188476562e+00 1.300000000000000000e+01
4.501999855041503906e+00 6.927999973297119141e+00 1.300000000000000000e+01
3.401999950408935547e+00 7.434000015258789062e+00 1.300000000000000000e+01
4.245999813079833984e+00 6.691999912261962891e+00 1.300000000000000000e+01
4.165999889373779297e+00 7.256000041961669922e+00 1.300000000000000000e+01
4.852000236511230469e+00 6.829999923706054688e+00 1.300000000000000000e+01
4.397999763488769531e+00 7.427999973297119141e+00 1.300000000000000000e+01
5.015999794006347656e+00 7.053999900817871094e+00 1.300000000000000000e+01
4.250000000000000000e+00 6.760000228881835938e+00 1.300000000000000000e+01
3.737999916076660156e+00 7.081999778747558594e+00 1.300000000000000000e+01
4.254000186920166016e+00 7.263999938964843750e+00 1.300000000000000000e+01
4.122000217437744141e+00 7.237999916076660156e+00 1.300000000000000000e+01
3.878000020980834961e+00 7.231999874114990234e+00 1.300000000000000000e+01
4.550000190734863281e+00 7.289999961853027344e+00 1.300000000000000000e+01
4.030000209808349609e+00 7.125999927520751953e+00 1.300000000000000000e+01
4.412000179290771484e+00 7.021999835968017578e+00 1.300000000000000000e+01
4.276000022888183594e+00 7.243999958038330078e+00 1.300000000000000000e+01
8.376000404357910156e+00 3.788000106811523438e+00 1.400000000000000000e+01
8.810000419616699219e+00 3.864000082015991211e+00 1.400000000000000000e+01
8.218000411987304688e+00 3.548000097274780273e+00 1.400000000000000000e+01
8.373999595642089844e+00 3.747999906539916992e+00 1.400000000000000000e+01
8.102000236511230469e+00 4.300000190734863281e+00 1.400000000000000000e+01
8.385999679565429688e+00 3.951999902725219727e+00 1.400000000000000000e+01
8.857999801635742188e+00 3.273999929428100586e+00 1.400000000000000000e+01
8.883999824523925781e+00 3.503999948501586914e+00 1.400000000000000000e+01
8.293999671936035156e+00 3.380000114440917969e+00 1.400000000000000000e+01
8.380000114440917969e+00 3.177999973297119141e+00 1.400000000000000000e+01
8.737999916076660156e+00 4.294000148773193359e+00 1.400000000000000000e+01
9.100000381469726562e+00 3.839999914169311523e+00 1.400000000000000000e+01
9.086000442504882812e+00 3.599999904632568359e+00 1.400000000000000000e+01
8.616000175476074219e+00 3.450000047683715820e+00 1.400000000000000000e+01
8.623999595642089844e+00 3.697999954223632812e+00 1.400000000000000000e+01
8.631999969482421875e+00 3.819999933242797852e+00 1.400000000000000000e+01
8.286000251770019531e+00 3.703999996185302734e+00 1.400000000000000000e+01
8.815999984741210938e+00 3.579999923706054688e+00 1.400000000000000000e+01
8.722000122070312500e+00 3.854000091552734375e+00 1.400000000000000000e+01
8.298000335693359375e+00 3.378000020980834961e+00 1.400000000000000000e+01
9.013999938964843750e+00 4.033999919891357422e+00 1.400000000000000000e+01
8.869999885559082031e+00 3.553999900817871094e+00 1.400000000000000000e+01
8.562000274658203125e+00 3.661999940872192383e+00 1.400000000000000000e+01
8.600000381469726562e+00 3.828000068664550781e+00 1.400000000000000000e+01
8.939999580383300781e+00 3.835999965667724609e+00 1.400000000000000000e+01
8.767999649047851562e+00 4.320000171661376953e+00 1.400000000000000000e+01
8.838000297546386719e+00 3.926000118255615234e+00 1.400000000000000000e+01
8.288000106811523438e+00 3.466000080108642578e+00 1.400000000000000000e+01
8.652000427246093750e+00 3.782000064849853516e+00 1.400000000000000000e+01
8.376000404357910156e+00 3.956000089645385742e+00 1.400000000000000000e+01
7.723999977111816406e+00 3.414000034332275391e+00 1.400000000000000000e+01
8.373999595642089844e+00 4.136000156402587891e+00 1.400000000000000000e+01
8.600000381469726562e+00 3.711999893188476562e+00 1.400000000000000000e+01
9.026000022888183594e+00 3.788000106811523438e+00 1.400000000000000000e+01
8.534000396728515625e+00 3.252000093460083008e+00 1.400000000000000000e+01
8.873999595642089844e+00 3.601999998092651367e+00 1.400000000000000000e+01
8.795999526977539062e+00 3.888000011444091797e+00 1.400000000000000000e+01
8.592000007629394531e+00 3.987999916076660156e+00 1.400000000000000000e+01
8.979999542236328125e+00 4.013999938964843750e+00 1.400000000000000000e+01
8.562000274658203125e+00 3.855999946594238281e+00 1.400000000000000000e+01
1.389400005340576172e+01 4.159999847412109375e+00 1.500000000000000000e+01
1.427799987792968750e+01 5.260000228881835938e+00 1.500000000000000000e+01
1.436400032043457031e+01 4.748000144958496094e+00 1.500000000000000000e+01
1.410799980163574219e+01 4.918000221252441406e+00 1.500000000000000000e+01
1.399800014495849609e+01 5.498000144958496094e+00 1.500000000000000000e+01
1.439999961853027344e+01 5.296000003814697266e+00 1.500000000000000000e+01
1.430000019073486328e+01 5.368000030517578125e+00 1.500000000000000000e+01
1.395800018310546875e+01 5.349999904632568359e+00 1.500000000000000000e+01
1.384200000762939453e+01 4.984000205993652344e+00 1.500000000000000000e+01
1.385000038146972656e+01 4.245999813079833984e+00 1.500000000000000000e+01
1.397799968719482422e+01 5.355999946594238281e+00 1.500000000000000000e+01
1.436600017547607422e+01 5.104000091552734375e+00 1.500000000000000000e+01
1.427200031280517578e+01 4.940000057220458984e+00 1.500000000000000000e+01
1.433600044250488281e+01 5.176000118255615234e+00 1.500000000000000000e+01
1.474400043487548828e+01 5.248000144958496094e+00 1.500000000000000000e+01
1.430599975585937500e+01 5.059999942779541016e+00 1.500000000000000000e+01
1.398600006103515625e+01 5.050000190734863281e+00 1.500000000000000000e+01
1.443999958038330078e+01 5.329999923706054688e+00 1.500000000000000000e+01
1.400399971008300781e+01 4.920000076293945312e+00 1.500000000000000000e+01
1.333199977874755859e+01 4.592000007629394531e+00 1.500000000000000000e+01
1.421800041198730469e+01 5.544000148773193359e+00 1.500000000000000000e+01
1.415400028228759766e+01 4.768000125885009766e+00 1.500000000000000000e+01
1.346800041198730469e+01 4.920000076293945312e+00 1.500000000000000000e+01
1.367000007629394531e+01 5.406000137329101562e+00 1.500000000000000000e+01
1.366399955749511719e+01 5.015999794006347656e+00 1.500000000000000000e+01
1.411999988555908203e+01 4.869999885559082031e+00 1.500000000000000000e+01
1.383600044250488281e+01 4.510000228881835938e+00 1.500000000000000000e+01
1.420400047302246094e+01 5.064000129699707031e+00 1.500000000000000000e+01
1.400399971008300781e+01 5.228000164031982422e+00 1.500000000000000000e+01
1.326599979400634766e+01 4.857999801635742188e+00 1.500000000000000000e+01
1.366800022125244141e+01 5.340000152587890625e+00 1.500000000000000000e+01
1.452799987792968750e+01 4.811999797821044922e+00 1.500000000000000000e+01
1.431799983978271484e+01 4.592000007629394531e+00 1.500000000000000000e+01
1.401799964904785156e+01 5.182000160217285156e+00 1.500000000000000000e+01
1.436999988555908203e+01 4.883999824523925781e+00 1.500000000000000000e+01
1.419799995422363281e+01 4.803999900817871094e+00 1.500000000000000000e+01
1.431999969482421875e+01 4.590000152587890625e+00 1.500000000000000000e+01
1.363599967956542969e+01 5.217999935150146484e+00 1.500000000000000000e+01
1.440999984741210938e+01 4.656000137329101562e+00 1.500000000000000000e+01
1.402000045776367188e+01 5.613999843597412109e+00 1.500000000000000000e+01
2.930000066757202148e+00 1.505000019073486328e+01 0.000000000000000000e+00
3.829999923706054688e+00 1.706999969482421875e+01 0.000000000000000000e+00
6.309999942779541016e+00 1.731999969482421875e+01 0.000000000000000000e+00
6.630000114440917969e+00 1.460000038146972656e+01 0.000000000000000000e+00
9.020000457763671875e+00 1.418999958038330078e+01 0.000000000000000000e+00
6.030000209808349609e+00 1.155000019073486328e+01 0.000000000000000000e+00
2.849999904632568359e+00 1.052000045776367188e+01 0.000000000000000000e+00
6.309999942779541016e+00 9.699999809265136719e+00 0.000000000000000000e+00
6.690000057220458984e+00 7.349999904632568359e+00 0.000000000000000000e+00
4.829999923706054688e+00 5.090000152587890625e+00 0.000000000000000000e+00
2.690000057220458984e+00 4.840000152587890625e+00 0.000000000000000000e+00
4.010000228881835938e+00 3.279999971389770508e+00 0.000000000000000000e+00
6.059999942779541016e+00 4.349999904632568359e+00 0.000000000000000000e+00
8.699999809265136719e+00 6.039999961853027344e+00 0.000000000000000000e+00
1.090999984741210938e+01 3.980000019073486328e+00 0.000000000000000000e+00
1.122000026702880859e+01 5.789999961853027344e+00 0.000000000000000000e+00
1.247999954223632812e+01 2.910000085830688477e+00 0.000000000000000000e+00
1.604000091552734375e+01 3.440000057220458984e+00 0.000000000000000000e+00
1.707999992370605469e+01 5.130000114440917969e+00 0.000000000000000000e+00
1.556999969482421875e+01 7.019999980926513672e+00 0.000000000000000000e+00
1.436999988555908203e+01 9.619999885559082031e+00 0.000000000000000000e+00
1.380000019073486328e+01 1.192000007629394531e+01 0.000000000000000000e+00
1.597999954223632812e+01 1.278999996185302734e+01 0.000000000000000000e+00
1.729999923706054688e+01 1.522000026702880859e+01 0.000000000000000000e+00
1.581999969482421875e+01 1.681999969482421875e+01 0.000000000000000000e+00
1.181999969482421875e+01 1.615999984741210938e+01 0.000000000000000000e+00
7.760000228881835938e+00 1.410999965667724609e+01 0.000000000000000000e+00
