2.541580000000000084e+01 1.806735999999999933e+02 0.000000000000000000e+00
3.437950000000000017e+01 1.785168999999999926e+02 0.000000000000000000e+00
6.040180000000000149e+01 1.795629000000000133e+02 0.000000000000000000e+00
6.990900000000000603e+01 1.798969999999999914e+02 0.000000000000000000e+00
9.287399999999999878e+00 1.734540000000000077e+02 0.000000000000000000e+00
2.122439999999999927e+01 1.697451000000000079e+02 0.000000000000000000e+00
3.103170000000000073e+01 1.700740000000000123e+02 0.000000000000000000e+00
4.130870000000000175e+01 1.743952999999999918e+02 0.000000000000000000e+00
5.183319999999999794e+01 1.757118000000000109e+02 0.000000000000000000e+00
7.685559999999999548e+01 1.767752999999999872e+02 0.000000000000000000e+00
5.122200000000000308e+00 1.640252999999999872e+02 0.000000000000000000e+00
1.512059999999999960e+01 1.638506999999999891e+02 0.000000000000000000e+00
4.622059999999999746e+01 1.693087999999999909e+02 0.000000000000000000e+00
6.525260000000000105e+01 1.709769000000000005e+02 0.000000000000000000e+00
8.324989999999999668e+01 1.706628000000000043e+02 0.000000000000000000e+00
7.418149999999999977e+01 1.668204000000000065e+02 0.000000000000000000e+00
5.000000000000000000e+00 1.570262999999999920e+02 0.000000000000000000e+00
2.458429999999999893e+01 1.616853000000000122e+02 0.000000000000000000e+00
3.895190000000000197e+01 1.654351000000000056e+02 0.000000000000000000e+00
5.615800000000000125e+01 1.656348000000000127e+02 0.000000000000000000e+00
8.610980000000000700e+01 1.626116000000000099e+02 0.000000000000000000e+00
3.125710000000000122e+01 1.600685000000000002e+02 0.000000000000000000e+00
4.807200000000000273e+01 1.607752000000000123e+02 0.000000000000000000e+00
6.557800000000000296e+01 1.609696999999999889e+02 0.000000000000000000e+00
1.646330000000000027e+01 1.548258999999999901e+02 0.000000000000000000e+00
2.547070000000000078e+01 1.551688000000000045e+02 0.000000000000000000e+00
7.802379999999999427e+01 1.577520000000000095e+02 0.000000000000000000e+00
6.877500000000000391e+00 1.499925000000000068e+02 0.000000000000000000e+00
8.597020000000000550e+01 1.546127999999999929e+02 0.000000000000000000e+00
1.075479999999999947e+01 1.429238000000000000e+02 0.000000000000000000e+00
1.834440000000000026e+01 1.479920999999999935e+02 0.000000000000000000e+00
2.789179999999999993e+01 1.506257999999999981e+02 0.000000000000000000e+00
3.492560000000000286e+01 1.525033999999999992e+02 0.000000000000000000e+00
4.447650000000000148e+01 1.553370999999999924e+02 0.000000000000000000e+00
5.795700000000000074e+01 1.541016999999999939e+02 0.000000000000000000e+00
6.895529999999999404e+01 1.539096999999999866e+02 0.000000000000000000e+00
5.041449999999999676e+01 1.517329000000000008e+02 0.000000000000000000e+00
3.182489999999999952e+01 1.467565999999999917e+02 0.000000000000000000e+00
4.083740000000000236e+01 1.473994000000000142e+02 0.000000000000000000e+00
4.635410000000000252e+01 1.483033000000000072e+02 0.000000000000000000e+00
5.181830000000000069e+01 1.462076000000000136e+02 0.000000000000000000e+00
6.283409999999999940e+01 1.470155000000000030e+02 0.000000000000000000e+00
7.484099999999999397e+01 1.473060000000000116e+02 0.000000000000000000e+00
8.283100000000000307e+01 1.466664000000000101e+02 0.000000000000000000e+00
2.624889999999999901e+01 1.424533000000000129e+02 0.000000000000000000e+00
1.515279999999999916e+01 1.370460999999999956e+02 0.000000000000000000e+00
2.366550000000000153e+01 1.376975999999999942e+02 0.000000000000000000e+00
3.668970000000000198e+01 1.389704999999999870e+02 0.000000000000000000e+00
4.469720000000000226e+01 1.393308000000000106e+02 0.000000000000000000e+00
5.573040000000000305e+01 1.411384999999999934e+02 0.000000000000000000e+00
6.567659999999999343e+01 1.379644999999999868e+02 0.000000000000000000e+00
7.769219999999999970e+01 1.387548999999999921e+02 0.000000000000000000e+00
2.053509999999999991e+01 1.302511000000000081e+02 0.000000000000000000e+00
3.057720000000000127e+01 1.325762000000000000e+02 0.000000000000000000e+00
4.260150000000000148e+01 1.338666000000000054e+02 0.000000000000000000e+00
5.259129999999999683e+01 1.331921000000000106e+02 0.000000000000000000e+00
6.059009999999999962e+01 1.330525000000000091e+02 0.000000000000000000e+00
7.157089999999999463e+01 1.318607000000000085e+02 0.000000000000000000e+00
2.693809999999999860e+01 1.246384999999999934e+02 0.000000000000000000e+00
3.548919999999999675e+01 1.274896999999999991e+02 0.000000000000000000e+00
4.748729999999999762e+01 1.272802999999999969e+02 0.000000000000000000e+00
6.495850000000000080e+01 1.254750999999999976e+02 0.000000000000000000e+00
4.238340000000000174e+01 1.213684999999999974e+02 0.000000000000000000e+00
5.441649999999999920e+01 1.231586999999999961e+02 0.000000000000000000e+00
3.353240000000000265e+01 1.185224999999999937e+02 0.000000000000000000e+00
4.782150000000000034e+01 1.177729999999999961e+02 0.000000000000000000e+00
5.886339999999999861e+01 1.200806999999999931e+02 0.000000000000000000e+00
3.926169999999999760e+01 1.144218999999999937e+02 0.000000000000000000e+00
4.470850000000000080e+01 1.113264000000000067e+02 0.000000000000000000e+00
5.227709999999999724e+01 1.151949000000000041e+02 0.000000000000000000e+00
1.350126999999999953e+02 1.471139000000000010e+02 1.000000000000000000e+00
1.349956999999999994e+02 1.496100000000000136e+02 1.000000000000000000e+00
1.352692999999999870e+02 1.524037999999999897e+02 1.000000000000000000e+00
1.360660000000000025e+02 1.558976000000000113e+02 1.000000000000000000e+00
1.367270000000000039e+02 1.592249999999999943e+02 1.000000000000000000e+00
1.379994000000000085e+02 1.624358000000000004e+02 1.000000000000000000e+00
1.391512999999999920e+02 1.651243000000000052e+02 1.000000000000000000e+00
1.408180000000000121e+02 1.678702999999999861e+02 1.000000000000000000e+00
1.428710000000000093e+02 1.699193999999999960e+02 1.000000000000000000e+00
1.453103000000000122e+02 1.712715000000000032e+02 1.000000000000000000e+00
1.493934000000000140e+02 1.717127000000000123e+02 1.000000000000000000e+00
1.526622000000000128e+02 1.703358000000000061e+02 1.000000000000000000e+00
1.378552999999999997e+02 1.452729999999999961e+02 1.000000000000000000e+00
1.378573000000000093e+02 1.473240999999999872e+02 1.000000000000000000e+00
1.380144999999999982e+02 1.499166999999999916e+02 1.000000000000000000e+00
1.387532999999999959e+02 1.535149999999999864e+02 1.000000000000000000e+00
1.395297999999999945e+02 1.562231999999999914e+02 1.000000000000000000e+00
1.399199999999999875e+02 1.596282999999999959e+02 1.000000000000000000e+00
1.424121000000000095e+02 1.635151999999999930e+02 1.000000000000000000e+00
1.443953999999999951e+02 1.655255999999999972e+02 1.000000000000000000e+00
1.472418999999999869e+02 1.677867999999999995e+02 1.000000000000000000e+00
1.420756000000000085e+02 1.596843000000000075e+02 1.000000000000000000e+00
1.408531999999999869e+02 1.439738000000000113e+02 1.000000000000000000e+00
1.410294000000000096e+02 1.461213999999999942e+02 1.000000000000000000e+00
1.410712000000000046e+02 1.493333000000000084e+02 1.000000000000000000e+00
1.423704999999999927e+02 1.523312999999999988e+02 1.000000000000000000e+00
1.429539000000000044e+02 1.553879000000000019e+02 1.000000000000000000e+00
1.446713000000000022e+02 1.586176000000000101e+02 1.000000000000000000e+00
1.452229000000000099e+02 1.607454999999999927e+02 1.000000000000000000e+00
1.463080999999999960e+02 1.624858999999999867e+02 1.000000000000000000e+00
1.483799999999999955e+02 1.640900000000000034e+02 1.000000000000000000e+00
1.504917000000000087e+02 1.668548999999999864e+02 1.000000000000000000e+00
1.550975999999999999e+02 1.675858000000000061e+02 1.000000000000000000e+00
1.561391000000000133e+02 1.640631999999999948e+02 1.000000000000000000e+00
1.525588999999999942e+02 1.635364999999999895e+02 1.000000000000000000e+00
1.491514999999999986e+02 1.614654999999999916e+02 1.000000000000000000e+00
1.472718999999999880e+02 1.586924999999999955e+02 1.000000000000000000e+00
1.525361000000000047e+02 1.598795000000000073e+02 1.000000000000000000e+00
1.560972999999999900e+02 1.608513000000000090e+02 1.000000000000000000e+00
1.466885000000000048e+02 1.556358999999999924e+02 1.000000000000000000e+00
1.446733999999999867e+02 1.526966999999999928e+02 1.000000000000000000e+00
1.441279000000000110e+02 1.487498999999999967e+02 1.000000000000000000e+00
1.480994000000000028e+02 1.539123999999999910e+02 1.000000000000000000e+00
1.501524000000000001e+02 1.559615000000000009e+02 1.000000000000000000e+00
1.439287999999999954e+02 1.429453000000000031e+02 1.000000000000000000e+00
1.456731000000000051e+02 1.459621999999999957e+02 1.000000000000000000e+00
1.474951000000000079e+02 1.492497999999999934e+02 1.000000000000000000e+00
1.484647999999999968e+02 1.516094999999999970e+02 1.000000000000000000e+00
1.474495000000000005e+02 1.419358000000000004e+02 1.000000000000000000e+00
1.483813000000000102e+02 1.451855999999999938e+02 1.000000000000000000e+00
1.500917000000000030e+02 1.531946000000000083e+02 1.000000000000000000e+00
1.527451000000000079e+02 1.558043000000000120e+02 1.000000000000000000e+00
1.553207999999999913e+02 1.581431000000000040e+02 1.000000000000000000e+00
1.586482000000000028e+02 1.574819999999999993e+02 1.000000000000000000e+00
1.509380999999999915e+02 1.479695000000000107e+02 1.000000000000000000e+00
1.510476999999999919e+02 1.411971000000000060e+02 1.000000000000000000e+00
1.524115999999999929e+02 1.510639999999999930e+02 1.000000000000000000e+00
1.560327000000000055e+02 1.539823000000000093e+02 1.000000000000000000e+00
1.616839999999999975e+02 1.552926999999999964e+02 1.000000000000000000e+00
1.596878000000000100e+02 1.519084000000000003e+02 1.000000000000000000e+00
1.636932999999999936e+02 1.520786999999999978e+02 1.000000000000000000e+00
1.562995999999999981e+02 1.498026000000000124e+02 1.000000000000000000e+00
1.545363999999999862e+02 1.472307999999999879e+02 1.000000000000000000e+00
1.640000000000000000e+02 1.490598999999999990e+02 1.000000000000000000e+00
1.600323999999999955e+02 1.479995000000000118e+02 1.000000000000000000e+00
1.534302999999999884e+02 1.438843999999999994e+02 1.000000000000000000e+00
1.576687000000000012e+02 1.448671999999999969e+02 1.000000000000000000e+00
1.631647000000000105e+02 1.456358999999999924e+02 1.000000000000000000e+00
1.548012999999999977e+02 1.410000000000000000e+02 1.000000000000000000e+00
1.581685999999999979e+02 1.414998999999999967e+02 1.000000000000000000e+00
1.609564000000000021e+02 1.430451999999999941e+02 1.000000000000000000e+00
3.215109999999999957e+01 3.697970000000000113e+01 2.000000000000000000e+00
3.239500000000000313e+01 5.095349999999999824e+01 2.000000000000000000e+00
3.787899999999999778e+01 6.483580000000000609e+01 2.000000000000000000e+00
4.685660000000000025e+01 7.865709999999999980e+01 2.000000000000000000e+00
5.755030000000000001e+01 9.070120000000000005e+01 2.000000000000000000e+00
5.183760000000000190e+01 6.371849999999999881e+01 2.000000000000000000e+00
3.714730000000000132e+01 2.291440000000000055e+01 2.000000000000000000e+00
4.627729999999999677e+01 4.546940000000000026e+01 2.000000000000000000e+00
4.831810000000000116e+01 1.223590000000000089e+01 2.000000000000000000e+00
5.298980000000000246e+01 2.962689999999999912e+01 2.000000000000000000e+00
6.211970000000000169e+01 5.218189999999999884e+01 2.000000000000000000e+00
6.045360000000000156e+01 6.782300000000000217e+00 2.000000000000000000e+00
6.858830000000000382e+01 2.236560000000000059e+01 2.000000000000000000e+00
6.801980000000000359e+01 3.984810000000000230e+01 2.000000000000000000e+00
7.706270000000000664e+01 7.366100000000000314e+00 2.000000000000000000e+00
9.203180000000000405e+01 1.409379999999999988e+01 2.000000000000000000e+00
8.447650000000000148e+01 3.169819999999999993e+01 2.000000000000000000e+00
8.133369999999999322e+01 5.184649999999999892e+01 2.000000000000000000e+00
7.281350000000000477e+01 6.422599999999999909e+01 2.000000000000000000e+00
6.784770000000000323e+01 8.003799999999999670e+01 2.000000000000000000e+00
6.910219999999999629e+01 1.018567000000000036e+02 2.000000000000000000e+00
7.975020000000000664e+01 1.112807999999999993e+02 2.000000000000000000e+00
7.673380000000000223e+01 8.861910000000000309e+01 2.000000000000000000e+00
8.400000000000000000e+01 1.010000000000000000e+02 2.000000000000000000e+00
9.125639999999999930e+01 1.198161999999999949e+02 2.000000000000000000e+00
8.522350000000000136e+01 7.449290000000000589e+01 2.000000000000000000e+00
9.070749999999999602e+01 8.837520000000000664e+01 2.000000000000000000e+00
9.600000000000000000e+01 1.110000000000000000e+02 2.000000000000000000e+00
1.044787000000000035e+02 1.265743999999999971e+02 2.000000000000000000e+00
1.139942000000000064e+02 1.211666000000000025e+02 2.000000000000000000e+00
1.085405999999999977e+02 1.090310000000000059e+02 2.000000000000000000e+00
1.240032999999999959e+02 1.140027999999999935e+02 2.000000000000000000e+00
9.962409999999999854e+01 9.870310000000000628e+01 2.000000000000000000e+00
1.205848000000000013e+02 9.833719999999999573e+01 2.000000000000000000e+00
1.355234000000000094e+02 1.033182000000000045e+02 2.000000000000000000e+00
1.467093999999999880e+02 9.351309999999999434e+01 2.000000000000000000e+00
1.081594999999999942e+02 8.719700000000000273e+01 2.000000000000000000e+00
1.291658999999999935e+02 8.945120000000000005e+01 2.000000000000000000e+00
1.044984000000000037e+02 7.765099999999999625e+01 2.000000000000000000e+00
1.184873999999999938e+02 7.828040000000000020e+01 2.000000000000000000e+00
1.412404999999999973e+02 8.050409999999999400e+01 2.000000000000000000e+00
1.561120999999999981e+02 8.164239999999999498e+01 2.000000000000000000e+00
9.205790000000000362e+01 6.563729999999999620e+01 2.000000000000000000e+00
1.016038999999999959e+02 6.197619999999999862e+01 2.000000000000000000e+00
1.112413999999999987e+02 6.355519999999999925e+01 2.000000000000000000e+00
9.451030000000000086e+01 5.598460000000000036e+01 2.000000000000000000e+00
9.860269999999999868e+01 4.018789999999999907e+01 2.000000000000000000e+00
1.048838999999999970e+02 4.968820000000000192e+01 2.000000000000000000e+00
1.018370000000000033e+02 2.527980000000000160e+01 2.000000000000000000e+00
1.104181999999999988e+02 1.639369999999999905e+01 2.000000000000000000e+00
1.145353000000000065e+02 3.204719999999999658e+01 2.000000000000000000e+00
1.215691999999999950e+02 5.463870000000000005e+01 2.000000000000000000e+00
1.269863000000000000e+02 6.467820000000000391e+01 2.000000000000000000e+00
1.367273999999999887e+02 7.219610000000000127e+01 2.000000000000000000e+00
1.225233000000000061e+02 9.193400000000000460e+00 2.000000000000000000e+00
1.283719000000000108e+02 2.394300000000000139e+01 2.000000000000000000e+00
1.279780999999999977e+02 4.142240000000000322e+01 2.000000000000000000e+00
1.338573000000000093e+02 5.791870000000000118e+01 2.000000000000000000e+00
1.380869000000000142e+02 4.998219999999999885e+01 2.000000000000000000e+00
1.396354000000000042e+02 3.859810000000000230e+01 2.000000000000000000e+00
1.381827999999999861e+02 5.425600000000000200e+00 2.000000000000000000e+00
1.539642000000000053e+02 8.644600000000000506e+00 2.000000000000000000e+00
1.455049999999999955e+02 2.451760000000000161e+01 2.000000000000000000e+00
1.663590000000000089e+02 1.803819999999999979e+01 2.000000000000000000e+00
1.561682999999999879e+02 3.481499999999999773e+01 2.000000000000000000e+00
1.736355000000000075e+02 3.451010000000000133e+01 2.000000000000000000e+00
1.538225999999999942e+02 5.058120000000000260e+01 2.000000000000000000e+00
1.738488999999999862e+02 4.673709999999999809e+01 2.000000000000000000e+00
1.505364999999999895e+02 6.251989999999999981e+01 2.000000000000000000e+00
1.705689000000000135e+02 5.902519999999999811e+01 2.000000000000000000e+00
1.637955000000000041e+02 7.137420000000000186e+01 2.000000000000000000e+00
