1 158 211
1 161 208
1 161 203
1 162 212
1 163 206
1 164 212
1 164 205
1 166 206
1 166 207
1 167 206
1 168 209
1 168 206
1 169 214
1 170 210
1 170 208
1 171 206
1 171 208
1 172 207
1 173 198
1 173 205
1 175 205
1 175 206
1 175 208
1 176 219
1 176 216
4 177 88
4 177 147
1 177 208
1 178 201
4 178 53
1 178 209
1 178 212
4 179 164
1 179 202
4 179 47
1 179 209
4 179 63
1 179 208
1 179 212
1 180 208
4 180 128
4 180 83
1 180 219
4 180 133
4 181 39
4 181 175
1 181 207
1 181 200
1 181 211
1 182 199
4 182 119
4 182 156
4 182 178
4 182 120
1 182 200
4 182 81
4 183 155
4 183 156
4 183 106
1 183 211
1 183 202
4 183 159
4 183 131
4 183 58
4 183 45
1 183 205
4 183 158
4 184 104
1 184 196
4 184 127
4 184 125
4 184 75
4 184 167
4 184 179
1 184 198
4 184 168
4 184 129
4 184 74
4 184 67
4 184 76
4 185 167
1 185 200
1 185 208
1 185 212
4 185 122
4 185 152
1 185 204
4 185 136
4 185 130
4 185 159
4 185 102
4 185 118
4 185 46
4 185 169
4 185 57
4 185 117
4 185 92
4 185 173
4 186 53
4 186 56
4 186 59
4 186 130
4 186 80
4 186 166
1 186 204
4 186 122
4 186 99
4 186 114
4 186 46
1 186 202
4 186 158
4 186 119
4 186 73
4 186 146
4 186 67
4 186 150
4 186 84
4 186 76
4 187 73
4 187 79
4 187 127
4 187 176
4 187 131
4 187 111
4 187 173
4 187 114
4 187 105
4 187 86
4 187 78
4 187 108
4 187 57
4 187 122
4 187 136
4 187 169
4 187 163
4 187 126
4 187 81
4 187 94
4 187 183
4 187 123
1 187 209
4 187 120
4 187 184
4 187 109
4 188 74
1 188 205
1 188 210
1 188 209
4 188 150
4 188 158
4 188 151
4 188 121
4 188 91
4 188 102
4 188 161
4 188 154
4 188 69
4 188 167
4 188 97
4 188 180
1 188 207
4 188 179
4 188 58
4 188 54
4 188 149
4 188 110
4 188 127
4 188 82
4 188 139
4 188 96
4 188 125
4 188 106
4 188 112
1 188 204
4 189 88
4 189 96
4 189 99
4 189 89
4 189 59
4 189 164
4 189 78
4 189 161
4 189 129
4 189 112
1 189 205
4 189 136
1 189 202
4 189 67
4 189 134
4 189 142
4 189 102
4 189 60
4 189 115
4 189 79
4 189 158
4 189 64
4 189 123
4 189 108
4 189 103
4 189 144
4 189 85
4 189 53
4 189 172
4 190 95
4 190 71
4 190 173
4 190 169
1 190 196
4 190 57
4 190 158
1 190 210
4 190 126
4 190 93
4 190 69
4 190 86
1 190 202
4 190 131
4 190 137
1 190 198
4 190 153
4 190 167
4 190 166
4 190 175
4 190 58
4 190 108
4 190 85
4 190 148
4 190 179
4 191 60
4 191 68
4 191 65
4 191 67
4 191 110
4 191 143
4 191 96
4 191 107
4 191 72
4 191 112
4 191 160
4 191 141
4 191 57
4 191 105
4 191 75
4 191 120
4 191 167
4 191 92
4 191 114
4 191 93
4 191 56
4 191 73
4 191 174
4 191 155
4 192 89
4 192 60
4 192 127
4 192 159
4 192 147
4 192 160
4 192 95
4 192 130
4 192 148
4 192 114
4 192 96
4 192 119
4 192 150
4 192 77
4 192 72
4 192 67
4 192 55
4 192 100
4 192 176
4 192 164
4 192 120
4 192 142
4 192 175
4 193 164
4 193 89
4 193 88
4 193 161
4 193 78
4 193 86
4 193 134
1 193 205
4 193 62
4 193 147
4 193 100
4 193 184
4 193 91
4 194 131
4 194 161
4 194 68
4 194 94
4 194 96
4 194 93
4 194 92
4 194 165
1 194 211
4 194 59
4 194 105
4 194 49
4 194 54
1 194 202
1 194 208
4 195 84
4 195 61
4 195 159
4 195 117
4 195 166
4 195 157
1 195 206
4 195 158
4 195 116
4 196 133
4 196 60
4 196 119
4 196 62
4 196 95
4 196 120
4 196 98
1 196 210
4 197 68
4 197 118
4 197 70
1 197 210
4 197 63
4 197 86
4 197 60
4 197 59
4 197 78
4 197 69
4 198 59
1 198 208
4 198 62
4 198 70
1 198 204
4 198 60
4 199 167
4 199 155
4 199 62
4 199 54
1 199 206
1 199 196
4 199 58
4 199 101
4 199 70
4 199 154
4 199 66
4 199 103
1 200 209
4 200 141
1 200 216
4 200 56
4 200 68
1 201 211
1 201 200
1 201 205
1 201 208
4 201 80
4 201 134
4 202 66
4 202 87
4 202 54
4 203 60
1 203 201
1 203 212
4 203 49
4 203 53
4 204 52
1 204 208
1 204 203
1 205 203
4 205 59
4 205 58
1 205 209
1 205 205
1 205 206
4 205 62
1 206 202
1 206 203
4 206 56
1 207 220
4 207 58
1 207 206
1 207 216
4 207 49
4 208 60
4 208 59
1 208 203
4 208 74
4 208 53
4 208 62
4 208 57
4 208 54
1 208 210
1 209 209
1 209 212
4 209 56
4 210 61
3 210 115
3 210 125
1 210 207
4 210 77
4 210 56
1 211 202
1 211 206
4 211 55
1 211 212
4 211 63
1 211 204
1 211 209
1 212 200
1 212 210
1 212 207
4 212 47
3 212 126
1 212 206
1 213 210
3 213 121
4 213 57
4 214 62
4 214 57
4 214 56
3 214 124
4 214 50
3 214 118
2 215 181
3 215 130
1 215 219
1 215 207
3 215 114
1 215 208
1 215 199
1 216 199
1 216 195
4 216 59
3 216 119
4 216 56
4 216 55
3 216 130
4 216 47
3 216 112
4 216 62
1 217 218
3 217 106
3 217 121
4 217 58
4 217 63
4 218 55
2 218 171
3 218 113
1 218 206
2 218 174
4 218 60
1 218 209
4 218 58
1 218 207
3 219 137
4 219 55
1 219 211
1 219 208
3 219 130
3 219 115
2 219 160
3 219 124
2 219 164
2 219 183
2 220 162
1 220 211
3 220 128
3 220 121
1 220 201
3 220 112
1 220 204
4 220 57
4 220 67
1 221 207
2 221 181
2 221 169
1 221 209
4 221 62
1 221 211
3 221 127
3 221 129
3 221 122
3 221 136
1 221 210
3 222 124
1 222 211
4 222 56
3 222 114
4 222 50
3 222 128
4 222 64
4 222 62
3 222 118
2 222 159
1 222 207
1 222 212
2 222 174
1 223 213
3 223 124
3 223 119
1 223 211
2 223 172
4 223 63
1 223 210
4 223 57
3 223 123
4 223 59
3 224 113
4 224 58
3 224 110
1 224 206
2 224 169
3 224 106
3 224 119
3 224 127
2 224 167
2 224 177
3 224 136
3 224 130
2 224 175
2 224 183
4 225 64
2 225 160
3 225 111
3 225 125
4 225 62
3 225 118
4 225 54
1 225 205
1 225 210
4 225 53
3 225 115
3 225 110
4 225 55
2 225 181
2 226 169
3 226 129
1 226 208
4 226 57
2 226 161
2 226 176
2 226 159
3 226 135
3 226 136
3 226 123
2 227 183
4 227 55
3 227 122
4 227 58
1 227 210
1 227 208
2 227 179
3 227 110
3 227 115
2 228 165
3 228 127
1 228 213
4 228 55
1 228 208
4 228 51
2 228 177
2 228 176
3 228 130
3 228 116
1 228 198
3 228 122
3 228 124
4 228 59
3 229 117
3 229 134
3 229 110
4 229 67
4 229 55
3 229 105
2 229 174
2 229 170
1 229 203
1 229 212
2 229 162
2 229 171
2 229 163
4 229 56
2 230 180
2 230 173
4 230 57
4 230 55
4 230 58
3 230 119
3 230 121
4 230 62
3 231 121
1 231 213
2 231 169
1 231 215
4 231 62
3 231 131
2 231 170
1 231 209
2 231 164
3 231 125
2 231 162
4 232 56
1 232 204
2 232 156
1 232 212
3 232 114
2 232 170
3 232 116
3 232 122
3 232 118
1 232 213
1 233 214
3 233 106
2 233 177
3 233 128
2 233 178
1 233 216
4 233 62
3 233 132
4 233 60
2 233 172
2 233 164
3 234 130
4 234 62
1 234 215
3 234 114
2 234 172
2 234 165
3 234 123
1 234 204
1 234 206
4 234 55
1 234 212
3 234 110
2 234 174
4 234 60
2 235 157
4 235 63
4 235 60
2 235 163
1 235 209
4 235 67
2 235 174
3 235 112
4 235 54
3 235 120
1 235 208
1 235 211
3 235 115
4 235 62
3 235 119
4 235 58
1 235 206
3 235 129
2 235 161
3 235 105
2 236 157
2 236 165
4 236 58
1 236 208
3 236 119
2 236 170
2 236 185
1 236 207
2 236 181
3 236 118
1 236 201
2 237 182
2 237 184
4 237 58
4 237 56
3 237 117
4 237 57
1 237 213
1 237 209
3 237 121
4 238 63
4 238 62
4 238 61
3 238 127
2 238 166
4 238 72
1 238 209
2 238 170
2 238 177
2 238 173
4 238 52
2 238 162
2 238 157
4 239 61
1 239 211
1 239 210
4 239 62
4 239 65
2 239 169
3 239 113
2 239 176
3 239 115
3 239 116
1 239 209
3 239 118
2 239 161
1 240 207
3 240 105
2 240 168
4 240 58
4 240 59
4 240 62
1 240 212
2 240 171
4 240 60
2 240 167
3 240 111
3 240 116
4 240 61
1 240 204
1 240 216
4 240 46
1 240 219
2 240 183
3 240 124
3 240 109
2 241 161
4 241 58
2 241 173
4 241 66
4 241 59
1 241 207
2 241 172
3 241 129
2 241 163
4 241 63
1 241 211
3 242 110
2 242 161
2 242 178
3 242 117
3 242 113
2 242 158
4 242 51
1 242 204
3 242 109
1 243 212
1 243 204
4 243 63
3 243 117
2 243 180
1 243 205
1 243 206
1 243 199
2 243 183
3 243 109
4 244 65
4 244 56
3 244 109
1 244 200
1 244 210
1 244 215
4 244 67
1 244 205
1 244 213
2 244 167
1 244 209
4 244 59
1 244 211
2 245 162
1 245 219
4 245 56
2 245 183
2 245 169
3 245 116
4 246 61
2 246 170
2 246 169
2 246 175
2 246 156
2 246 187
2 246 168
1 246 199
1 247 212
2 247 166
2 247 159
4 247 64
2 247 161
1 247 201
4 247 59
2 247 171
4 247 66
3 248 115
2 248 169
4 248 59
1 248 206
1 248 210
2 248 162
1 249 209
2 249 163
4 249 57
2 249 168
4 250 68
4 250 65
1 250 202
2 250 161
2 250 169
1 250 207
1 251 203
1 251 208
4 251 62
2 251 181
1 251 213
1 252 211
1 252 209
2 252 167
4 252 64
1 252 204
1 252 216
4 252 59
4 252 60
4 252 55
4 252 57
1 252 201
4 253 64
1 253 211
1 253 207
4 253 67
1 254 212
4 254 56
4 254 62
4 254 63
1 254 211
1 254 205
4 254 49
1 254 215
4 255 59
1 255 202
4 255 72
4 255 64
1 255 203
1 255 217
4 255 67
4 256 56
4 256 74
1 257 208
4 257 60
1 257 203
4 257 62
4 257 57
1 257 215
1 257 211
4 257 58
1 257 210
1 258 206
4 258 68
1 258 210
1 258 211
4 259 57
1 259 206
1 259 201
1 259 209
4 259 58
4 259 62
1 260 213
1 260 212
1 260 206
4 260 61
1 260 202
1 260 210
4 261 59
4 261 65
4 261 64
1 262 204
4 262 56
1 262 214
4 262 59
1 262 211
4 263 56
1 263 209
1 264 206
4 265 61
1 265 210
4 266 58
4 266 55
1 266 217
1 266 208
4 266 57
1 266 207
4 267 66
4 267 59
1 267 203
1 267 204
1 267 213
4 268 60
1 268 205
1 268 207
5 268 117
4 268 63
4 268 55
5 268 137
4 269 68
5 269 135
5 269 112
1 269 211
4 269 62
1 269 203
5 269 126
5 269 120
4 270 59
5 270 113
5 270 110
1 270 214
1 270 217
4 270 56
4 270 57
5 270 119
1 270 196
1 271 206
1 271 213
4 271 61
5 271 115
1 271 212
4 272 69
4 272 58
5 272 127
5 272 133
5 273 117
4 273 61
1 273 212
5 273 107
1 273 205
5 273 115
5 273 125
4 273 58
4 273 57
6 273 182
1 273 210
1 273 202
5 273 128
5 274 124
1 274 206
1 274 203
1 274 210
4 275 62
1 275 197
4 275 52
5 275 118
6 275 158
4 275 54
6 275 163
1 275 213
5 275 115
5 275 120
4 275 59
5 275 114
1 275 209
4 276 62
6 276 166
6 276 177
5 276 122
6 276 174
5 276 131
6 276 163
4 276 54
6 276 173
1 276 213
4 276 65
1 276 209
4 276 64
4 277 61
4 277 60
5 277 109
1 277 212
5 277 138
6 277 172
6 277 155
1 277 210
5 277 115
4 277 58
6 277 171
5 277 112
1 278 202
1 278 197
5 278 115
5 278 112
5 278 108
6 278 179
5 278 118
5 278 117
1 279 207
1 279 211
6 279 180
4 279 58
4 279 63
6 279 171
1 279 214
5 279 123
6 279 163
1 279 209
5 279 112
4 279 56
5 280 124
5 280 135
5 280 111
5 280 113
6 280 173
4 280 49
5 280 112
5 280 127
5 280 131
5 280 129
5 280 109
6 280 167
6 280 169
5 281 131
1 281 212
6 281 166
6 281 158
4 281 61
1 281 209
5 281 109
5 281 112
5 281 124
4 281 58
4 281 64
6 281 180
1 281 206
6 281 163
5 281 122
5 282 125
5 282 135
5 282 120
4 282 63
1 282 207
6 282 172
6 282 180
5 282 110
4 282 57
4 282 59
6 282 159
5 282 121
5 282 113
5 282 124
6 282 178
5 283 129
1 283 201
5 283 117
4 283 61
1 283 209
1 283 206
5 283 119
5 283 128
1 283 210
1 283 207
6 283 185
4 283 56
1 283 200
6 283 178
1 283 203
5 284 122
6 284 164
6 284 172
6 284 160
5 284 106
5 284 118
4 284 59
4 285 57
5 285 127
4 285 60
6 285 181
5 285 131
4 285 58
5 285 117
4 285 69
6 285 173
6 285 169
1 285 204
1 285 208
1 285 212
6 286 176
6 286 177
6 286 166
5 286 132
6 286 168
6 286 161
4 286 59
6 286 158
5 286 114
5 286 128
5 286 121
6 286 162
5 287 121
1 287 202
4 287 59
4 287 57
1 287 211
5 287 115
5 287 130
4 287 56
5 287 110
1 288 208
5 288 131
4 288 64
1 288 209
4 288 63
5 288 115
1 288 206
6 288 160
4 288 55
5 288 114
4 288 59
6 288 178
4 288 53
5 288 113
4 288 58
4 288 61
5 288 126
5 288 112
1 288 211
6 289 173
1 289 211
5 289 114
6 289 165
1 289 215
6 289 170
6 289 175
1 289 200
6 289 160
6 289 168
4 290 60
4 290 62
6 290 160
4 290 57
1 290 211
5 290 113
5 290 116
6 290 182
5 290 122
6 290 161
4 290 61
1 290 214
5 290 120
6 291 180
6 291 171
6 291 161
4 291 56
6 291 186
6 291 165
1 291 211
5 291 117
5 292 133
6 292 173
6 292 176
5 292 122
5 292 109
1 292 209
4 292 62
1 292 210
6 292 157
5 292 127
5 292 134
6 292 168
1 293 208
6 293 163
5 293 115
5 293 110
5 293 123
1 293 213
6 293 158
4 293 60
6 293 172
5 293 120
4 293 56
5 293 128
1 293 203
4 294 63
5 294 134
1 294 213
5 294 110
5 294 120
6 294 169
6 294 175
1 294 216
6 295 169
1 295 205
6 295 167
5 295 114
6 295 168
6 295 160
5 295 119
1 295 209
6 295 178
6 295 164
6 295 157
5 295 113
4 295 53
1 296 207
6 296 167
5 296 115
6 296 168
6 296 180
4 296 62
5 296 118
1 296 211
6 296 181
6 296 164
6 296 163
4 296 64
6 296 171
6 296 165
1 296 204
1 296 213
6 297 161
6 297 171
5 297 128
1 297 213
5 298 129
1 298 210
5 298 127
6 298 178
4 298 58
1 298 201
4 298 59
1 298 208
4 298 60
1 298 206
4 298 53
6 299 178
6 299 173
1 299 199
6 299 180
4 299 61
5 299 132
6 299 166
4 299 63
6 299 164
5 299 115
1 299 204
1 299 198
1 300 210
6 300 161
4 300 60
1 300 211
6 300 173
6 300 167
4 300 63
1 300 208
1 300 204
4 301 59
4 301 47
5 301 112
6 301 158
1 301 202
5 301 125
6 301 164
6 301 176
4 301 57
4 301 53
1 302 208
6 302 168
4 302 61
1 302 216
6 302 180
6 302 159
1 302 211
6 302 172
4 302 60
4 302 63
5 302 129
1 302 206
6 303 175
1 303 219
4 303 64
4 304 59
6 304 169
6 304 163
5 304 111
6 305 172
4 305 59
1 305 211
1 305 206
4 305 60
1 306 199
1 306 205
1 306 201
6 306 172
4 307 60
1 307 207
4 307 57
1 307 209
1 308 210
1 309 214
4 309 60
4 309 58
4 309 55
6 310 171
1 310 211
4 310 68
4 310 59
4 311 54
4 311 64
1 311 208
4 311 63
1 311 209
4 311 49
4 311 57
1 311 212
1 312 210
4 312 49
1 312 207
1 313 211
4 313 60
1 314 209
4 314 59
1 314 210
4 314 56
1 314 203
4 314 67
4 314 58
1 315 212
4 315 62
1 315 209
4 316 57
1 316 203
1 316 209
4 316 60
4 316 59
1 316 207
4 316 64
1 316 213
1 317 210
4 317 56
1 317 204
1 317 215
1 317 214
4 317 63
4 318 70
4 318 58
1 318 199
4 319 62
4 319 64
4 319 65
1 319 207
4 319 66
4 320 62
4 320 56
4 320 58
4 320 59
1 321 210
4 321 55
1 321 205
1 321 207
4 321 65
4 321 61
1 322 214
4 322 59
1 322 205
1 322 203
1 323 208
1 323 204
4 323 61
1 323 213
4 323 65
4 323 48
4 323 56
1 324 156
4 324 58
4 324 60
4 324 56
1 325 206
1 325 204
4 325 61
4 326 60
1 326 134
4 326 55
4 327 60
4 327 50
4 327 52
1 327 129
1 327 158
1 328 201
1 328 208
1 328 209
1 328 210
4 329 60
1 329 213
1 329 212
1 329 146
1 329 210
4 329 53
4 329 57
1 329 110
4 329 58
1 330 212
4 330 64
1 330 115
1 331 123
4 331 52
1 331 177
4 331 57
4 331 50
1 331 103
4 331 60
1 331 143
1 331 205
1 331 154
1 331 209
4 331 63
1 332 164
4 332 64
4 332 57
1 332 210
1 332 211
1 332 156
4 332 55
1 332 213
4 332 52
1 332 214
1 332 131
1 332 117
4 332 60
1 333 108
1 333 217
4 333 60
4 333 56
4 333 65
1 333 199
1 333 91
1 333 140
1 333 133
1 333 154
1 333 206
1 333 119
1 333 210
1 333 132
1 333 102
1 334 200
1 334 202
1 334 127
1 334 124
4 334 58
4 334 59
1 334 152
1 334 162
1 334 151
1 334 87
1 334 207
1 334 167
1 334 221
1 335 92
1 335 112
1 335 93
1 335 115
4 335 64
1 335 89
1 335 211
4 335 53
4 335 57
1 335 183
1 335 145
1 335 86
1 335 123
1 335 102
1 335 152
1 335 96
1 335 111
1 335 99
1 335 193
1 336 157
1 336 153
1 336 119
1 336 199
1 336 182
1 336 108
1 336 126
4 336 53
1 336 123
1 336 124
1 336 110
1 336 164
1 336 149
1 336 206
1 336 86
1 337 152
1 337 142
1 337 213
1 337 129
4 337 54
1 337 109
1 337 178
1 337 193
1 337 127
1 337 146
1 337 186
1 337 164
1 337 124
1 337 201
1 337 133
1 337 158
1 337 136
1 337 149
1 337 203
1 337 207
1 338 104
1 338 209
1 338 155
4 338 63
1 338 114
1 338 150
1 338 128
1 338 152
1 338 201
1 338 137
1 338 141
1 338 126
1 338 124
4 338 58
1 338 165
1 338 130
1 338 144
1 338 208
1 338 129
1 338 148
1 338 213
4 338 60
1 338 212
1 338 90
1 338 175
1 338 103
1 339 173
1 339 190
1 339 167
1 339 163
4 339 57
1 339 142
1 339 194
1 339 108
1 339 162
1 339 195
1 339 197
1 339 206
1 339 140
1 339 168
4 339 64
1 339 172
1 339 130
1 339 120
1 339 158
1 339 113
1 339 180
1 339 156
1 339 189
1 339 151
4 340 56
1 340 187
1 340 159
1 340 163
1 340 144
1 340 110
1 340 214
1 340 94
1 340 143
1 340 92
4 340 47
1 340 118
1 340 201
4 340 58
1 341 195
1 341 173
4 341 57
1 341 175
1 341 91
1 341 164
1 341 168
1 341 92
1 341 136
1 341 119
1 341 202
1 341 143
4 341 65
1 341 192
1 341 184
1 341 188
1 341 132
1 342 105
1 342 176
4 342 60
4 342 58
1 342 192
1 342 145
4 342 55
1 342 190
1 342 197
1 342 103
1 342 139
1 342 118
1 342 193
4 342 57
4 342 48
1 342 189
1 342 152
1 342 115
1 342 124
1 342 143
1 342 179
1 342 194
1 342 121
1 342 163
1 343 148
1 343 146
1 343 169
1 343 142
1 343 174
4 343 56
1 343 179
4 343 46
1 343 135
1 343 202
1 343 199
1 343 140
1 343 152
1 343 204
1 343 155
1 343 115
1 343 153
1 343 183
1 343 168
1 344 209
4 344 58
1 344 158
1 344 111
1 344 113
4 344 52
1 344 124
4 344 46
1 344 204
1 344 154
1 344 199
4 344 60
1 344 166
1 344 170
1 345 200
4 345 55
1 345 185
1 345 129
4 345 52
1 345 150
1 345 199
1 345 153
1 345 209
1 345 212
1 345 187
1 346 117
1 346 214
1 346 192
4 346 54
4 346 60
1 346 181
1 347 206
1 347 137
1 347 170
1 347 195
1 347 185
1 348 191
4 348 53
1 348 184
4 348 61
1 348 193
4 348 62
4 348 43
1 348 197
1 349 201
1 350 168
4 350 56
4 350 62
4 350 58
1 350 189
4 351 60
4 351 62
4 351 59
4 351 52
4 352 47
4 352 61
4 352 55
4 352 54
4 353 56
1 353 142
4 354 66
4 354 57
4 355 64
4 355 57
4 357 59
4 359 53
4 359 60
4 360 54
4 360 53
4 360 58
4 362 54
4 363 69
4 363 57
4 364 64
4 364 55
4 365 56
4 366 58
4 366 61
4 367 56
4 368 63
4 368 59
4 369 58
4 370 61
4 370 45
4 373 56
4 374 69
4 374 61
4 375 59
4 376 61
4 376 52
4 377 56
4 377 60
4 378 63
4 378 60
4 378 57
4 380 61
4 381 60
4 382 59
4 383 64
4 383 57
4 384 64
4 384 56
4 386 53
4 386 60
4 388 62
4 389 66
4 389 59
4 391 62
4 391 66
