2.995000076293945312e+01 1.355000019073486328e+01 3.000000000000000000e+00
2.864999961853027344e+01 1.410000038146972656e+01 3.000000000000000000e+00
2.745000076293945312e+01 1.085000038146972656e+01 3.000000000000000000e+00
2.639999961853027344e+01 1.075000000000000000e+01 3.000000000000000000e+00
2.504999923706054688e+01 1.010000038146972656e+01 3.000000000000000000e+00
2.620000076293945312e+01 1.155000019073486328e+01 3.000000000000000000e+00
2.720000076293945312e+01 1.330000019073486328e+01 3.000000000000000000e+00
2.829999923706054688e+01 1.444999980926513672e+01 3.000000000000000000e+00
2.795000076293945312e+01 1.464999961853027344e+01 3.000000000000000000e+00
2.795000076293945312e+01 1.469999980926513672e+01 3.000000000000000000e+00
2.314999961853027344e+01 1.100000000000000000e+01 3.000000000000000000e+00
2.289999961853027344e+01 1.160000038146972656e+01 3.000000000000000000e+00
2.389999961853027344e+01 1.160000038146972656e+01 3.000000000000000000e+00
2.454999923706054688e+01 1.160000038146972656e+01 3.000000000000000000e+00
2.385000038146972656e+01 1.244999980926513672e+01 3.000000000000000000e+00
2.335000038146972656e+01 1.310000038146972656e+01 3.000000000000000000e+00
2.485000038146972656e+01 1.319999980926513672e+01 3.000000000000000000e+00
2.510000038146972656e+01 1.225000000000000000e+01 3.000000000000000000e+00
2.514999961853027344e+01 1.250000000000000000e+01 3.000000000000000000e+00
2.564999961853027344e+01 1.289999961853027344e+01 3.000000000000000000e+00
2.570000076293945312e+01 1.350000000000000000e+01 3.000000000000000000e+00
2.629999923706054688e+01 1.330000019073486328e+01 3.000000000000000000e+00
2.710000038146972656e+01 1.455000019073486328e+01 3.000000000000000000e+00
2.714999961853027344e+01 1.460000038146972656e+01 3.000000000000000000e+00
2.639999961853027344e+01 1.435000038146972656e+01 3.000000000000000000e+00
2.639999961853027344e+01 1.435000038146972656e+01 3.000000000000000000e+00
2.575000000000000000e+01 1.455000019073486328e+01 3.000000000000000000e+00
2.575000000000000000e+01 1.489999961853027344e+01 3.000000000000000000e+00
2.535000038146972656e+01 1.464999961853027344e+01 3.000000000000000000e+00
2.370000076293945312e+01 1.455000019073486328e+01 3.000000000000000000e+00
2.404999923706054688e+01 1.489999961853027344e+01 3.000000000000000000e+00
2.364999961853027344e+01 1.530000019073486328e+01 3.000000000000000000e+00
2.275000000000000000e+01 1.450000000000000000e+01 3.000000000000000000e+00
2.200000000000000000e+01 1.400000000000000000e+01 3.000000000000000000e+00
2.089999961853027344e+01 1.294999980926513672e+01 3.000000000000000000e+00
2.029999923706054688e+01 1.310000038146972656e+01 3.000000000000000000e+00
2.220000076293945312e+01 1.645000076293945312e+01 3.000000000000000000e+00
2.214999961853027344e+01 1.664999961853027344e+01 3.000000000000000000e+00
2.239999961853027344e+01 1.514999961853027344e+01 3.000000000000000000e+00
2.214999961853027344e+01 1.519999980926513672e+01 3.000000000000000000e+00
2.395000076293945312e+01 1.594999980926513672e+01 3.000000000000000000e+00
2.425000000000000000e+01 1.610000038146972656e+01 3.000000000000000000e+00
2.479999923706054688e+01 1.610000038146972656e+01 3.000000000000000000e+00
2.514999961853027344e+01 1.614999961853027344e+01 3.000000000000000000e+00
2.550000000000000000e+01 1.670000076293945312e+01 3.000000000000000000e+00
2.575000000000000000e+01 1.685000038146972656e+01 3.000000000000000000e+00
2.620000076293945312e+01 1.685000038146972656e+01 3.000000000000000000e+00
2.625000000000000000e+01 1.689999961853027344e+01 3.000000000000000000e+00
2.625000000000000000e+01 1.635000038146972656e+01 3.000000000000000000e+00
2.675000000000000000e+01 1.620000076293945312e+01 3.000000000000000000e+00
2.739999961853027344e+01 1.614999961853027344e+01 3.000000000000000000e+00
2.760000038146972656e+01 1.685000038146972656e+01 3.000000000000000000e+00
2.695000076293945312e+01 1.720000076293945312e+01 3.000000000000000000e+00
2.629999923706054688e+01 1.810000038146972656e+01 3.000000000000000000e+00
2.754999923706054688e+01 1.795000076293945312e+01 3.000000000000000000e+00
2.770000076293945312e+01 1.760000038146972656e+01 3.000000000000000000e+00
2.825000000000000000e+01 1.825000000000000000e+01 3.000000000000000000e+00
2.879999923706054688e+01 1.914999961853027344e+01 3.000000000000000000e+00
2.850000000000000000e+01 1.914999961853027344e+01 3.000000000000000000e+00
2.810000038146972656e+01 1.935000038146972656e+01 3.000000000000000000e+00
2.804999923706054688e+01 2.029999923706054688e+01 3.000000000000000000e+00
2.729999923706054688e+01 2.050000000000000000e+01 3.000000000000000000e+00
2.710000038146972656e+01 2.160000038146972656e+01 3.000000000000000000e+00
2.675000000000000000e+01 1.950000000000000000e+01 3.000000000000000000e+00
2.650000000000000000e+01 2.000000000000000000e+01 3.000000000000000000e+00
2.589999961853027344e+01 1.979999923706054688e+01 3.000000000000000000e+00
2.510000038146972656e+01 1.979999923706054688e+01 3.000000000000000000e+00
2.475000000000000000e+01 2.070000076293945312e+01 3.000000000000000000e+00
2.435000038146972656e+01 2.054999923706054688e+01 3.000000000000000000e+00
2.354999923706054688e+01 2.035000038146972656e+01 3.000000000000000000e+00
2.429999923706054688e+01 1.970000076293945312e+01 3.000000000000000000e+00
2.489999961853027344e+01 1.900000000000000000e+01 3.000000000000000000e+00
2.470000076293945312e+01 1.679999923706054688e+01 3.000000000000000000e+00
2.435000038146972656e+01 1.679999923706054688e+01 3.000000000000000000e+00
2.439999961853027344e+01 1.714999961853027344e+01 3.000000000000000000e+00
2.489999961853027344e+01 1.729999923706054688e+01 3.000000000000000000e+00
2.435000038146972656e+01 1.770000076293945312e+01 3.000000000000000000e+00
2.495000076293945312e+01 1.779999923706054688e+01 3.000000000000000000e+00
2.495000076293945312e+01 1.804999923706054688e+01 3.000000000000000000e+00
2.439999961853027344e+01 1.835000038146972656e+01 3.000000000000000000e+00
2.364999961853027344e+01 1.860000038146972656e+01 3.000000000000000000e+00
2.285000038146972656e+01 1.889999961853027344e+01 3.000000000000000000e+00
2.239999961853027344e+01 2.064999961853027344e+01 3.000000000000000000e+00
2.250000000000000000e+01 1.779999923706054688e+01 3.000000000000000000e+00
2.245000076293945312e+01 1.825000000000000000e+01 3.000000000000000000e+00
2.160000038146972656e+01 1.770000076293945312e+01 3.000000000000000000e+00
2.135000038146972656e+01 1.804999923706054688e+01 3.000000000000000000e+00
2.129999923706054688e+01 1.825000000000000000e+01 3.000000000000000000e+00
1.995000076293945312e+01 1.979999923706054688e+01 3.000000000000000000e+00
2.045000076293945312e+01 2.045000076293945312e+01 3.000000000000000000e+00
2.035000038146972656e+01 1.695000076293945312e+01 3.000000000000000000e+00
1.970000076293945312e+01 1.745000076293945312e+01 3.000000000000000000e+00
2.055000038146972656e+01 1.785000076293945312e+01 3.000000000000000000e+00
1.544999980926513672e+01 9.149999618530273438e+00 2.000000000000000000e+00
1.310000038146972656e+01 1.005000019073486328e+01 2.000000000000000000e+00
1.475000000000000000e+01 1.219999980926513672e+01 2.000000000000000000e+00
1.255000019073486328e+01 1.239999961853027344e+01 2.000000000000000000e+00
1.164999961853027344e+01 1.335000038146972656e+01 2.000000000000000000e+00
1.075000000000000000e+01 1.355000019073486328e+01 2.000000000000000000e+00
1.155000019073486328e+01 1.514999961853027344e+01 2.000000000000000000e+00
1.105000019073486328e+01 1.589999961853027344e+01 2.000000000000000000e+00
1.144999980926513672e+01 1.589999961853027344e+01 2.000000000000000000e+00
1.160000038146972656e+01 1.685000038146972656e+01 2.000000000000000000e+00
1.200000000000000000e+01 1.704999923706054688e+01 2.000000000000000000e+00
1.200000000000000000e+01 1.629999923706054688e+01 2.000000000000000000e+00
1.235000038146972656e+01 1.629999923706054688e+01 2.000000000000000000e+00
1.255000019073486328e+01 1.530000019073486328e+01 2.000000000000000000e+00
1.264999961853027344e+01 1.485000038146972656e+01 2.000000000000000000e+00
1.314999961853027344e+01 1.505000019073486328e+01 2.000000000000000000e+00
1.305000019073486328e+01 1.560000038146972656e+01 2.000000000000000000e+00
1.339999961853027344e+01 1.600000000000000000e+01 2.000000000000000000e+00
1.364999961853027344e+01 1.600000000000000000e+01 2.000000000000000000e+00
1.389999961853027344e+01 1.594999980926513672e+01 2.000000000000000000e+00
1.369999980926513672e+01 1.535000038146972656e+01 2.000000000000000000e+00
1.435000038146972656e+01 1.505000019073486328e+01 2.000000000000000000e+00
1.414999961853027344e+01 1.475000000000000000e+01 2.000000000000000000e+00
1.405000019073486328e+01 1.460000038146972656e+01 2.000000000000000000e+00
1.414999961853027344e+01 1.419999980926513672e+01 2.000000000000000000e+00
1.410000038146972656e+01 1.360000038146972656e+01 2.000000000000000000e+00
1.550000000000000000e+01 1.300000000000000000e+01 2.000000000000000000e+00
1.629999923706054688e+01 1.244999980926513672e+01 2.000000000000000000e+00
1.650000000000000000e+01 1.239999961853027344e+01 2.000000000000000000e+00
1.695000076293945312e+01 1.175000000000000000e+01 2.000000000000000000e+00
1.739999961853027344e+01 1.219999980926513672e+01 2.000000000000000000e+00
1.839999961853027344e+01 1.219999980926513672e+01 2.000000000000000000e+00
1.825000000000000000e+01 1.244999980926513672e+01 2.000000000000000000e+00
1.760000038146972656e+01 1.275000000000000000e+01 2.000000000000000000e+00
1.710000038146972656e+01 1.305000019073486328e+01 2.000000000000000000e+00
1.720000076293945312e+01 1.325000000000000000e+01 2.000000000000000000e+00
1.775000000000000000e+01 1.344999980926513672e+01 2.000000000000000000e+00
1.614999961853027344e+01 1.339999961853027344e+01 2.000000000000000000e+00
1.604999923706054688e+01 1.369999980926513672e+01 2.000000000000000000e+00
1.564999961853027344e+01 1.364999961853027344e+01 2.000000000000000000e+00
1.845000076293945312e+01 1.375000000000000000e+01 2.000000000000000000e+00
1.764999961853027344e+01 1.419999980926513672e+01 2.000000000000000000e+00
1.675000000000000000e+01 1.405000019073486328e+01 2.000000000000000000e+00
1.675000000000000000e+01 1.450000000000000000e+01 2.000000000000000000e+00
1.594999980926513672e+01 1.480000019073486328e+01 2.000000000000000000e+00
1.620000076293945312e+01 1.489999961853027344e+01 2.000000000000000000e+00
1.625000000000000000e+01 1.550000000000000000e+01 2.000000000000000000e+00
1.510000038146972656e+01 1.535000038146972656e+01 2.000000000000000000e+00
1.514999961853027344e+01 1.550000000000000000e+01 2.000000000000000000e+00
1.425000000000000000e+01 1.639999961853027344e+01 2.000000000000000000e+00
1.569999980926513672e+01 1.560000038146972656e+01 2.000000000000000000e+00
1.550000000000000000e+01 1.614999961853027344e+01 2.000000000000000000e+00
1.569999980926513672e+01 1.660000038146972656e+01 2.000000000000000000e+00
1.514999961853027344e+01 1.620000076293945312e+01 2.000000000000000000e+00
1.494999980926513672e+01 1.650000000000000000e+01 2.000000000000000000e+00
1.444999980926513672e+01 1.679999923706054688e+01 2.000000000000000000e+00
1.405000019073486328e+01 1.720000076293945312e+01 2.000000000000000000e+00
1.430000019073486328e+01 1.760000038146972656e+01 2.000000000000000000e+00
1.464999961853027344e+01 1.760000038146972656e+01 2.000000000000000000e+00
1.425000000000000000e+01 1.825000000000000000e+01 2.000000000000000000e+00
1.405000019073486328e+01 1.845000076293945312e+01 2.000000000000000000e+00
1.405000019073486328e+01 1.854999923706054688e+01 2.000000000000000000e+00
1.355000019073486328e+01 1.854999923706054688e+01 2.000000000000000000e+00
1.380000019073486328e+01 1.920000076293945312e+01 2.000000000000000000e+00
1.305000019073486328e+01 2.010000038146972656e+01 2.000000000000000000e+00
1.294999980926513672e+01 2.050000000000000000e+01 2.000000000000000000e+00
1.364999961853027344e+01 2.045000076293945312e+01 2.000000000000000000e+00
1.330000019073486328e+01 2.275000000000000000e+01 2.000000000000000000e+00
1.469999980926513672e+01 1.960000038146972656e+01 2.000000000000000000e+00
1.519999980926513672e+01 1.964999961853027344e+01 2.000000000000000000e+00
1.620000076293945312e+01 2.010000038146972656e+01 2.000000000000000000e+00
1.654999923706054688e+01 2.004999923706054688e+01 2.000000000000000000e+00
1.714999961853027344e+01 2.004999923706054688e+01 2.000000000000000000e+00
1.725000000000000000e+01 2.150000000000000000e+01 2.000000000000000000e+00
1.625000000000000000e+01 2.139999961853027344e+01 2.000000000000000000e+00
1.585000038146972656e+01 1.810000038146972656e+01 2.000000000000000000e+00
1.675000000000000000e+01 1.829999923706054688e+01 2.000000000000000000e+00
1.720000076293945312e+01 1.835000038146972656e+01 2.000000000000000000e+00
1.725000000000000000e+01 1.879999923706054688e+01 2.000000000000000000e+00
1.675000000000000000e+01 1.600000000000000000e+01 2.000000000000000000e+00
1.675000000000000000e+01 1.670000076293945312e+01 2.000000000000000000e+00
1.675000000000000000e+01 1.704999923706054688e+01 2.000000000000000000e+00
1.704999923706054688e+01 1.679999923706054688e+01 2.000000000000000000e+00
1.750000000000000000e+01 1.695000076293945312e+01 2.000000000000000000e+00
1.775000000000000000e+01 1.664999961853027344e+01 2.000000000000000000e+00
1.825000000000000000e+01 1.604999923706054688e+01 2.000000000000000000e+00
1.839999961853027344e+01 1.620000076293945312e+01 2.000000000000000000e+00
1.885000038146972656e+01 1.620000076293945312e+01 2.000000000000000000e+00
1.850000000000000000e+01 1.555000019073486328e+01 2.000000000000000000e+00
1.800000000000000000e+01 1.494999980926513672e+01 2.000000000000000000e+00
1.913000038146972656e+01 1.477999961853027344e+01 2.000000000000000000e+00
1.845000076293945312e+01 1.729999923706054688e+01 2.000000000000000000e+00
1.845000076293945312e+01 1.779999923706054688e+01 2.000000000000000000e+00
1.870000076293945312e+01 1.839999961853027344e+01 2.000000000000000000e+00
