1.209116553320750270e-01 1.000000000000000000e+00
1.739987645759019097e-01 9.876934401533826735e-01
3.281146634653823724e-01 9.936621245320917950e-01
3.844206269629237283e-01 9.955685656897653724e-01
2.539193326103989998e-02 9.588035241486351223e-01
9.608827774418429724e-02 9.376398018807633461e-01
1.541715699658096905e-01 9.395165708025199347e-01
2.150366392674160354e-01 9.641747694695517179e-01
2.773675161638601283e-01 9.716869807358715638e-01
4.255615523701961056e-01 9.777555236008399486e-01
7.237239922794895964e-04 9.050014836117957762e-01
5.993879735076746568e-02 9.040051812288870670e-01
2.441271456313899579e-01 9.351501871633342011e-01
3.568433078332166053e-01 9.446686980735872208e-01
4.634315059203820697e-01 9.428763809002100871e-01
4.097243156455269153e-01 9.209508810371588305e-01
0.000000000000000000e+00 8.650637953072217723e-01
1.159871340589130329e-01 8.916489774491007658e-01
2.010785974916034780e-01 9.130460832648590319e-01
3.029809492392310788e-01 9.141856112480599705e-01
4.803691347707921833e-01 8.969346297817950564e-01
1.555064913067245591e-01 8.824231945585684356e-01
2.550919786862692606e-01 8.864557655436867689e-01
3.587704746669951872e-01 8.875656212909704967e-01
6.789087758344887480e-02 8.525078745549163894e-01
1.212367981076572093e-01 8.544645302656806996e-01
4.324801642178302541e-01 8.692047840774217438e-01
1.111940912851668364e-02 8.249275312699717588e-01
4.795423600627544136e-01 8.512918835022368347e-01
3.408254362332239357e-02 7.845921208801241997e-01
7.903160754970865731e-02 8.135128503606318118e-01
1.355756537353811630e-01 8.285412672327217010e-01
1.772330172124307879e-01 8.392552268784807534e-01
2.337977919903535262e-01 8.554248835935359674e-01
3.136354456558497206e-01 8.483754450835387928e-01
3.787723816974821744e-01 8.472798548342919123e-01
2.689653293566022785e-01 8.348586003834566061e-01
1.588692612152048378e-01 8.064628412307129901e-01
2.122453862595492513e-01 8.101307860860039733e-01
2.449177933643630900e-01 8.152886195562860649e-01
2.772792715854234258e-01 8.033301378617730970e-01
3.425198505883070843e-01 8.079401762074317483e-01
4.136301746709631910e-01 8.095978270793391385e-01
4.609505895507759465e-01 8.059481420615357550e-01
1.258456525331228260e-01 7.819073541495481505e-01
6.012950039946958480e-02 7.510527937551355615e-01
1.105455824704810186e-01 7.547703825435954084e-01
1.876808199520399734e-01 7.620338035241486230e-01
2.351048777931037947e-01 7.640897471012508824e-01
3.004485075117457327e-01 7.744048434218935295e-01
3.593544287229588075e-01 7.562933671140326108e-01
4.305162781634941371e-01 7.608035469734318879e-01
9.200592956187456095e-02 7.122791700903862155e-01
1.514798142007439952e-01 7.255466538847804570e-01
2.226931889991584368e-01 7.329099333515932679e-01
2.818573292452601353e-01 7.290611019811924498e-01
3.292298617284448170e-01 7.282645165708026003e-01
3.942631548088261217e-01 7.214638683465718350e-01
1.299274084699396925e-01 6.802525563772482409e-01
1.805709128102107874e-01 6.965220715785629402e-01
2.516291192894949402e-01 6.953271934629782214e-01
3.551015138387043635e-01 6.850263626403725326e-01
2.214015015792226426e-01 6.615932849447639930e-01
2.926669939810090937e-01 6.718085227791472658e-01
1.689818530058531942e-01 6.453534419793663934e-01
2.536084037266455593e-01 6.410766456678536063e-01
3.190035588031666092e-01 6.542448415959097874e-01
2.029133740284952969e-01 6.219546014790467980e-01
2.351718015337974088e-01 6.042910618095499453e-01
2.799964939066822422e-01 6.263654934721081258e-01
7.699943559004530647e-01 8.085016662101707219e-01
7.698936741666662087e-01 8.227449100703004836e-01
7.715140578351413758e-01 8.386868894366840133e-01
7.762324776767868251e-01 8.586232082534466237e-01
7.801472203846161468e-01 8.776100155208618192e-01
7.876829520358143988e-01 8.959314799598283585e-01
7.945050278681117240e-01 9.112725965488908120e-01
8.043759834976716983e-01 9.269418195928055271e-01
8.165347834661642601e-01 9.386343924039076692e-01
8.309814277735894095e-01 9.463497443622752581e-01
8.551634034927086958e-01 9.488673194558568946e-01
8.745227241634385695e-01 9.410104537569616845e-01
7.868295262805976575e-01 7.979971240755957540e-01
7.868413711904550523e-01 8.097011092851272851e-01
7.877723811052367298e-01 8.244950013694878344e-01
7.921478908065140434e-01 8.450276180041996765e-01
7.967466770586009162e-01 8.604811467177941875e-01
7.990576189717552014e-01 8.799113256642016045e-01
8.138169688994125739e-01 9.020907513923126508e-01
8.255629737593790374e-01 9.135624942938007642e-01
8.424212417137452169e-01 9.264653519583676555e-01
8.118240628159261174e-01 8.802308728202319354e-01
8.045844539111596250e-01 7.905836300556925433e-01
8.056279904695856642e-01 8.028382634894549730e-01
8.058755490856026604e-01 8.211660047475578539e-01
8.135705947743810951e-01 8.382731899936091136e-01
8.170257549797482755e-01 8.557147585136493095e-01
8.271969790741900974e-01 8.741440701177760619e-01
8.304638052128264780e-01 8.862862914270063230e-01
8.368908533013836859e-01 8.962173605404911703e-01
8.491615876680275177e-01 9.053706747009951927e-01
8.616680357408311730e-01 9.211477449100702319e-01
8.889462708966420212e-01 9.253184059161874142e-01
8.951145077048179299e-01 9.052177485620378494e-01
8.739109345693102382e-01 9.022122934355883972e-01
8.537307616454712367e-01 8.903947548616817365e-01
8.425989153616043614e-01 8.745714644389664949e-01
8.737759025969373816e-01 8.813447229069661937e-01
8.948669490888007116e-01 8.868900073039350795e-01
8.391437551562374031e-01 8.571298959189262989e-01
8.272094162295401398e-01 8.403582351867068256e-01
8.239787170659685911e-01 8.178370081256276514e-01
8.474997468150519131e-01 8.472952615721719427e-01
8.596585467835443639e-01 8.589878343832739738e-01
8.227995562896768256e-01 7.847148041632430182e-01
8.331300944216990523e-01 8.019298365744544910e-01
8.439208073016764011e-01 8.206895371131196493e-01
8.496638118459759470e-01 8.341544554003469392e-01
8.436507433569304659e-01 7.789543960558751312e-01
8.491692868594348242e-01 7.974984022642198633e-01
8.592990537693760977e-01 8.431993517757693235e-01
8.750136956770225849e-01 8.580908198667033249e-01
8.902681628367138389e-01 8.714364785903405686e-01
9.099745393662618254e-01 8.676641102894184776e-01
8.643118196209746973e-01 8.133838902583767627e-01
8.649609206811533779e-01 7.747392266958824658e-01
8.730385569583218874e-01 8.310417237286588099e-01
8.944843585004108588e-01 8.476941248972884591e-01
9.279539280386192024e-01 8.551715283483977137e-01
9.161315235100733201e-01 8.358600383456588068e-01
9.398539167267302430e-01 8.368318040719437967e-01
8.960650617208640867e-01 8.238439240390761364e-01
8.856225891906905900e-01 8.091687208983839863e-01
9.416703336533434054e-01 8.196059298822240269e-01
9.181724014784816701e-01 8.135550762348215947e-01
8.790717617941248285e-01 7.900734958458870416e-01
9.041734947636616004e-01 7.956815484342188993e-01
9.367233070514526805e-01 8.000679037706563967e-01
8.871914475012867562e-01 7.736145348306400216e-01
9.071341299824873250e-01 7.764670638181320195e-01
9.236447498325426331e-01 7.852848534648041445e-01
1.608011660129263498e-01 1.800539806445722868e-01
1.622456527700210371e-01 2.597912672327216121e-01
1.947243955986683872e-01 3.390064365927143442e-01
2.478938269660033444e-01 4.178735278006026066e-01
3.112267832363729281e-01 4.865995617639002901e-01
2.773935749655461747e-01 3.326309002099881451e-01
1.903909353273844363e-01 9.979457682826624321e-02
2.444629488258437122e-01 2.284979001186889513e-01
2.565494948442069156e-01 3.886092851273624527e-02
2.842174275343221646e-01 1.380974390577923983e-01
3.382888487872885430e-01 2.668007623482150925e-01
3.284214466306857871e-01 7.741600474755775015e-03
3.765988407386723358e-01 9.666301469916918632e-02
3.732319251117419689e-01 1.964216424723820020e-01
4.267880927859169504e-01 1.107287957637177224e-02
5.154419128581827492e-01 4.946247603396329573e-02
4.706959891358487025e-01 1.499166894914635284e-01
4.520828977861271469e-01 2.648869031315621014e-01
4.016223973031509686e-01 3.355267963115128316e-01
3.722126706185234779e-01 4.257532182963571499e-01
3.796423903264990463e-01 5.502550671049027953e-01
4.427046904066299082e-01 6.040308591253538140e-01
4.248401973598880943e-01 4.747186843787090660e-01
4.678739393623529974e-01 5.453665662375605239e-01
5.108496413065173325e-01 6.527355519035880071e-01
4.751200629675408349e-01 3.941117730302200473e-01
5.075988057961882127e-01 4.733269423902127793e-01
5.389433985060015919e-01 6.024285583858304260e-01
5.891581171094393277e-01 6.912991874372318435e-01
6.455132369828883165e-01 6.604412033232904822e-01
6.132145367840714512e-01 5.911930521318360388e-01
7.047916806091126807e-01 6.195631333881128633e-01
5.604069674128763223e-01 5.322599972610244645e-01
6.845457684355658046e-01 5.301720989683191831e-01
7.730189536325082766e-01 5.585946772573724406e-01
8.392675344642458457e-01 5.026448233360722995e-01
6.109574892107677568e-01 4.666038984753035912e-01
7.353669464236960440e-01 4.794668127453665663e-01
5.892747894715334445e-01 4.121325207705651139e-01
6.721240114682417444e-01 4.157240025563772590e-01
8.068782207050209099e-01 4.284128777503879992e-01
8.949546014217445444e-01 4.349082443166255585e-01
5.155964889318201960e-01 3.435799552633981291e-01
5.721322436805925671e-01 3.226889893179950564e-01
6.292099030553353067e-01 3.316990778782069049e-01
5.301207173988105037e-01 2.884997261024376813e-01
5.543577719487660094e-01 1.983606089655801930e-01
5.915578958465231851e-01 2.525712133662010306e-01
5.735127679244579335e-01 1.132920204510180079e-01
6.243345381580810427e-01 6.258616360814388269e-02
6.487178773447740410e-01 1.519081530174381245e-01
6.903758330673164245e-01 2.808197525792020532e-01
7.224583636612380566e-01 3.381071395964576065e-01
7.801495893665875148e-01 3.810057746736054129e-01
6.960264473147294018e-01 2.149981740162512991e-02
7.306645172103580776e-01 1.056639733406372905e-01
7.283322544594605930e-01 2.054049118962841258e-01
7.631515514759055208e-01 2.995360860038345785e-01
7.882011668420702000e-01 2.542488359353601846e-01
7.973720882990651404e-01 1.892888934538482781e-01
7.887691302697263929e-01 0.000000000000000000e+00
8.822337604805243760e-01 1.836825527252807649e-02
8.321345297481950176e-01 1.089427554094768713e-01
9.556414048299990416e-01 7.197000821692688122e-02
8.952874433887340055e-01 1.677017712042362940e-01
9.987361481182288614e-01 1.659619510636355655e-01
8.813951408626292672e-01 2.576668492650415754e-01
1.000000000000000000e+00 2.357316488633250939e-01
8.619333617216339283e-01 3.257914498310964801e-01
9.805743478340696040e-01 3.058499954350406003e-01
9.404591916204371183e-01 3.763158495389390956e-01
