2.128000000000000000e+03 2.297000000000000000e+03 1.000000000000000000e+00
2.097000000000000000e+03 2.381000000000000000e+03 1.000000000000000000e+00
2.125000000000000000e+03 2.324000000000000000e+03 1.000000000000000000e+00
2.101000000000000000e+03 2.369000000000000000e+03 1.000000000000000000e+00
2.179000000000000000e+03 2.361000000000000000e+03 1.000000000000000000e+00
2.071000000000000000e+03 2.315000000000000000e+03 1.000000000000000000e+00
2.166000000000000000e+03 2.300000000000000000e+03 1.000000000000000000e+00
2.128000000000000000e+03 2.347000000000000000e+03 1.000000000000000000e+00
2.105000000000000000e+03 2.294000000000000000e+03 1.000000000000000000e+00
2.084000000000000000e+03 2.330000000000000000e+03 1.000000000000000000e+00
1.986000000000000000e+03 2.334000000000000000e+03 1.000000000000000000e+00
2.052000000000000000e+03 2.347000000000000000e+03 1.000000000000000000e+00
2.053000000000000000e+03 2.300000000000000000e+03 1.000000000000000000e+00
2.065000000000000000e+03 2.387000000000000000e+03 1.000000000000000000e+00
2.113000000000000000e+03 2.444000000000000000e+03 1.000000000000000000e+00
2.101000000000000000e+03 2.416000000000000000e+03 1.000000000000000000e+00
2.054000000000000000e+03 2.355000000000000000e+03 1.000000000000000000e+00
2.092000000000000000e+03 2.294000000000000000e+03 1.000000000000000000e+00
2.065000000000000000e+03 2.411000000000000000e+03 1.000000000000000000e+00
2.171000000000000000e+03 2.333000000000000000e+03 1.000000000000000000e+00
2.166000000000000000e+03 2.373000000000000000e+03 1.000000000000000000e+00
2.103000000000000000e+03 2.277000000000000000e+03 1.000000000000000000e+00
2.124000000000000000e+03 2.373000000000000000e+03 1.000000000000000000e+00
2.157000000000000000e+03 2.259000000000000000e+03 1.000000000000000000e+00
1.996000000000000000e+03 2.375000000000000000e+03 1.000000000000000000e+00
1.983000000000000000e+03 2.375000000000000000e+03 1.000000000000000000e+00
2.105000000000000000e+03 2.285000000000000000e+03 1.000000000000000000e+00
2.200000000000000000e+03 2.387000000000000000e+03 1.000000000000000000e+00
2.097000000000000000e+03 2.404000000000000000e+03 1.000000000000000000e+00
2.046000000000000000e+03 2.267000000000000000e+03 1.000000000000000000e+00
2.188000000000000000e+03 2.360000000000000000e+03 1.000000000000000000e+00
2.029000000000000000e+03 2.370000000000000000e+03 1.000000000000000000e+00
2.116000000000000000e+03 2.429000000000000000e+03 1.000000000000000000e+00
1.970000000000000000e+03 2.335000000000000000e+03 1.000000000000000000e+00
2.186000000000000000e+03 2.286000000000000000e+03 1.000000000000000000e+00
2.099000000000000000e+03 2.435000000000000000e+03 1.000000000000000000e+00
2.062000000000000000e+03 2.328000000000000000e+03 1.000000000000000000e+00
2.237000000000000000e+03 2.366000000000000000e+03 1.000000000000000000e+00
2.089000000000000000e+03 2.388000000000000000e+03 1.000000000000000000e+00
2.047000000000000000e+03 2.332000000000000000e+03 1.000000000000000000e+00
2.093000000000000000e+03 2.447000000000000000e+03 1.000000000000000000e+00
2.141000000000000000e+03 2.421000000000000000e+03 1.000000000000000000e+00
2.111000000000000000e+03 2.436000000000000000e+03 1.000000000000000000e+00
2.085000000000000000e+03 2.328000000000000000e+03 1.000000000000000000e+00
2.090000000000000000e+03 2.375000000000000000e+03 1.000000000000000000e+00
2.052000000000000000e+03 2.309000000000000000e+03 1.000000000000000000e+00
2.169000000000000000e+03 2.379000000000000000e+03 1.000000000000000000e+00
2.092000000000000000e+03 2.398000000000000000e+03 1.000000000000000000e+00
2.125000000000000000e+03 2.331000000000000000e+03 1.000000000000000000e+00
2.092000000000000000e+03 2.251000000000000000e+03 1.000000000000000000e+00
2.125000000000000000e+03 2.325000000000000000e+03 1.000000000000000000e+00
2.081000000000000000e+03 2.328000000000000000e+03 1.000000000000000000e+00
2.108000000000000000e+03 2.451000000000000000e+03 1.000000000000000000e+00
2.103000000000000000e+03 2.291000000000000000e+03 1.000000000000000000e+00
2.029000000000000000e+03 2.326000000000000000e+03 1.000000000000000000e+00
2.151000000000000000e+03 2.267000000000000000e+03 1.000000000000000000e+00
2.084000000000000000e+03 2.371000000000000000e+03 1.000000000000000000e+00
2.096000000000000000e+03 2.391000000000000000e+03 1.000000000000000000e+00
2.095000000000000000e+03 2.331000000000000000e+03 1.000000000000000000e+00
2.137000000000000000e+03 2.349000000000000000e+03 1.000000000000000000e+00
2.163000000000000000e+03 2.345000000000000000e+03 1.000000000000000000e+00
2.118000000000000000e+03 2.325000000000000000e+03 1.000000000000000000e+00
2.111000000000000000e+03 2.272000000000000000e+03 1.000000000000000000e+00
2.145000000000000000e+03 2.363000000000000000e+03 1.000000000000000000e+00
2.166000000000000000e+03 2.299000000000000000e+03 1.000000000000000000e+00
2.053000000000000000e+03 2.285000000000000000e+03 1.000000000000000000e+00
2.031000000000000000e+03 2.356000000000000000e+03 1.000000000000000000e+00
2.104000000000000000e+03 2.303000000000000000e+03 1.000000000000000000e+00
2.051000000000000000e+03 2.232000000000000000e+03 1.000000000000000000e+00
1.998000000000000000e+03 2.397000000000000000e+03 1.000000000000000000e+00
2.140000000000000000e+03 2.362000000000000000e+03 1.000000000000000000e+00
2.058000000000000000e+03 2.335000000000000000e+03 1.000000000000000000e+00
2.095000000000000000e+03 2.353000000000000000e+03 1.000000000000000000e+00
2.113000000000000000e+03 2.246000000000000000e+03 1.000000000000000000e+00
2.072000000000000000e+03 2.398000000000000000e+03 1.000000000000000000e+00
2.192000000000000000e+03 2.324000000000000000e+03 1.000000000000000000e+00
2.110000000000000000e+03 2.231000000000000000e+03 1.000000000000000000e+00
2.166000000000000000e+03 2.270000000000000000e+03 1.000000000000000000e+00
2.206000000000000000e+03 2.302000000000000000e+03 1.000000000000000000e+00
2.094000000000000000e+03 2.282000000000000000e+03 1.000000000000000000e+00
2.130000000000000000e+03 2.411000000000000000e+03 1.000000000000000000e+00
2.135000000000000000e+03 2.277000000000000000e+03 1.000000000000000000e+00
2.141000000000000000e+03 2.267000000000000000e+03 1.000000000000000000e+00
2.128000000000000000e+03 2.378000000000000000e+03 1.000000000000000000e+00
2.044000000000000000e+03 2.402000000000000000e+03 1.000000000000000000e+00
2.163000000000000000e+03 2.374000000000000000e+03 1.000000000000000000e+00
2.126000000000000000e+03 2.380000000000000000e+03 1.000000000000000000e+00
2.036000000000000000e+03 2.367000000000000000e+03 1.000000000000000000e+00
2.103000000000000000e+03 2.435000000000000000e+03 1.000000000000000000e+00
2.175000000000000000e+03 2.383000000000000000e+03 1.000000000000000000e+00
2.153000000000000000e+03 2.304000000000000000e+03 1.000000000000000000e+00
2.034000000000000000e+03 2.326000000000000000e+03 1.000000000000000000e+00
2.184000000000000000e+03 2.222000000000000000e+03 1.000000000000000000e+00
2.066000000000000000e+03 2.328000000000000000e+03 1.000000000000000000e+00
2.082000000000000000e+03 2.328000000000000000e+03 1.000000000000000000e+00
2.076000000000000000e+03 2.349000000000000000e+03 1.000000000000000000e+00
2.064000000000000000e+03 2.361000000000000000e+03 1.000000000000000000e+00
2.116000000000000000e+03 2.269000000000000000e+03 1.000000000000000000e+00
2.255000000000000000e+03 2.314000000000000000e+03 1.000000000000000000e+00
2.056000000000000000e+03 2.395000000000000000e+03 1.000000000000000000e+00
1.975000000000000000e+03 2.375000000000000000e+03 1.000000000000000000e+00
2.147000000000000000e+03 2.286000000000000000e+03 1.000000000000000000e+00
2.009000000000000000e+03 2.397000000000000000e+03 1.000000000000000000e+00
2.204000000000000000e+03 2.430000000000000000e+03 1.000000000000000000e+00
2.102000000000000000e+03 2.331000000000000000e+03 1.000000000000000000e+00
2.154000000000000000e+03 2.276000000000000000e+03 1.000000000000000000e+00
2.208000000000000000e+03 2.335000000000000000e+03 1.000000000000000000e+00
2.115000000000000000e+03 2.277000000000000000e+03 1.000000000000000000e+00
2.148000000000000000e+03 2.458000000000000000e+03 1.000000000000000000e+00
2.183000000000000000e+03 2.392000000000000000e+03 1.000000000000000000e+00
2.117000000000000000e+03 2.337000000000000000e+03 1.000000000000000000e+00
2.206000000000000000e+03 2.397000000000000000e+03 1.000000000000000000e+00
2.086000000000000000e+03 2.375000000000000000e+03 1.000000000000000000e+00
2.087000000000000000e+03 2.365000000000000000e+03 1.000000000000000000e+00
2.027000000000000000e+03 2.439000000000000000e+03 1.000000000000000000e+00
2.062000000000000000e+03 2.368000000000000000e+03 1.000000000000000000e+00
2.081000000000000000e+03 2.345000000000000000e+03 1.000000000000000000e+00
2.101000000000000000e+03 2.379000000000000000e+03 1.000000000000000000e+00
2.208000000000000000e+03 2.326000000000000000e+03 1.000000000000000000e+00
2.106000000000000000e+03 2.442000000000000000e+03 1.000000000000000000e+00
2.105000000000000000e+03 2.362000000000000000e+03 1.000000000000000000e+00
2.196000000000000000e+03 2.373000000000000000e+03 1.000000000000000000e+00
2.112000000000000000e+03 2.233000000000000000e+03 1.000000000000000000e+00
2.084000000000000000e+03 2.313000000000000000e+03 1.000000000000000000e+00
2.037000000000000000e+03 2.338000000000000000e+03 1.000000000000000000e+00
2.010000000000000000e+03 2.338000000000000000e+03 1.000000000000000000e+00
2.023000000000000000e+03 2.340000000000000000e+03 1.000000000000000000e+00
2.104000000000000000e+03 2.358000000000000000e+03 1.000000000000000000e+00
2.106000000000000000e+03 2.375000000000000000e+03 1.000000000000000000e+00
2.059000000000000000e+03 2.269000000000000000e+03 1.000000000000000000e+00
2.089000000000000000e+03 2.321000000000000000e+03 1.000000000000000000e+00
2.127000000000000000e+03 2.369000000000000000e+03 1.000000000000000000e+00
2.168000000000000000e+03 2.466000000000000000e+03 1.000000000000000000e+00
2.154000000000000000e+03 2.298000000000000000e+03 1.000000000000000000e+00
2.055000000000000000e+03 2.344000000000000000e+03 1.000000000000000000e+00
2.135000000000000000e+03 2.423000000000000000e+03 1.000000000000000000e+00
2.214000000000000000e+03 2.369000000000000000e+03 1.000000000000000000e+00
2.199000000000000000e+03 2.407000000000000000e+03 1.000000000000000000e+00
2.098000000000000000e+03 2.407000000000000000e+03 1.000000000000000000e+00
2.184000000000000000e+03 2.433000000000000000e+03 1.000000000000000000e+00
2.036000000000000000e+03 2.332000000000000000e+03 1.000000000000000000e+00
2.056000000000000000e+03 2.354000000000000000e+03 1.000000000000000000e+00
2.124000000000000000e+03 2.301000000000000000e+03 1.000000000000000000e+00
2.247000000000000000e+03 2.265000000000000000e+03 1.000000000000000000e+00
2.186000000000000000e+03 2.402000000000000000e+03 1.000000000000000000e+00
2.078000000000000000e+03 2.287000000000000000e+03 1.000000000000000000e+00
2.106000000000000000e+03 2.421000000000000000e+03 1.000000000000000000e+00
2.231000000000000000e+03 2.373000000000000000e+03 1.000000000000000000e+00
2.101000000000000000e+03 2.334000000000000000e+03 1.000000000000000000e+00
2.036000000000000000e+03 2.298000000000000000e+03 1.000000000000000000e+00
2.060000000000000000e+03 2.284000000000000000e+03 1.000000000000000000e+00
2.123000000000000000e+03 2.259000000000000000e+03 1.000000000000000000e+00
2.103000000000000000e+03 2.300000000000000000e+03 1.000000000000000000e+00
2.118000000000000000e+03 2.366000000000000000e+03 1.000000000000000000e+00
2.073000000000000000e+03 2.365000000000000000e+03 1.000000000000000000e+00
2.082000000000000000e+03 2.421000000000000000e+03 1.000000000000000000e+00
2.100000000000000000e+03 2.421000000000000000e+03 1.000000000000000000e+00
2.132000000000000000e+03 2.364000000000000000e+03 1.000000000000000000e+00
2.028000000000000000e+03 2.299000000000000000e+03 1.000000000000000000e+00
2.105000000000000000e+03 2.402000000000000000e+03 1.000000000000000000e+00
2.135000000000000000e+03 2.353000000000000000e+03 1.000000000000000000e+00
2.170000000000000000e+03 2.336000000000000000e+03 1.000000000000000000e+00
2.089000000000000000e+03 2.376000000000000000e+03 1.000000000000000000e+00
2.035000000000000000e+03 2.423000000000000000e+03 1.000000000000000000e+00
2.219000000000000000e+03 2.334000000000000000e+03 1.000000000000000000e+00
2.205000000000000000e+03 2.489000000000000000e+03 1.000000000000000000e+00
2.114000000000000000e+03 2.252000000000000000e+03 1.000000000000000000e+00
2.042000000000000000e+03 2.436000000000000000e+03 1.000000000000000000e+00
2.157000000000000000e+03 2.392000000000000000e+03 1.000000000000000000e+00
2.123000000000000000e+03 2.386000000000000000e+03 1.000000000000000000e+00
2.180000000000000000e+03 2.305000000000000000e+03 1.000000000000000000e+00
2.102000000000000000e+03 2.262000000000000000e+03 1.000000000000000000e+00
2.144000000000000000e+03 2.458000000000000000e+03 1.000000000000000000e+00
2.136000000000000000e+03 2.362000000000000000e+03 1.000000000000000000e+00
2.089000000000000000e+03 2.247000000000000000e+03 1.000000000000000000e+00
2.051000000000000000e+03 2.275000000000000000e+03 1.000000000000000000e+00
2.084000000000000000e+03 2.367000000000000000e+03 1.000000000000000000e+00
2.076000000000000000e+03 2.286000000000000000e+03 1.000000000000000000e+00
2.133000000000000000e+03 2.311000000000000000e+03 1.000000000000000000e+00
2.066000000000000000e+03 2.295000000000000000e+03 1.000000000000000000e+00
2.121000000000000000e+03 2.264000000000000000e+03 1.000000000000000000e+00
2.127000000000000000e+03 2.356000000000000000e+03 1.000000000000000000e+00
2.186000000000000000e+03 2.474000000000000000e+03 1.000000000000000000e+00
2.242000000000000000e+03 2.303000000000000000e+03 1.000000000000000000e+00
2.032000000000000000e+03 2.363000000000000000e+03 1.000000000000000000e+00
2.040000000000000000e+03 2.314000000000000000e+03 1.000000000000000000e+00
2.023000000000000000e+03 2.483000000000000000e+03 1.000000000000000000e+00
2.071000000000000000e+03 2.418000000000000000e+03 1.000000000000000000e+00
2.110000000000000000e+03 2.500000000000000000e+03 1.000000000000000000e+00
2.053000000000000000e+03 2.240000000000000000e+03 1.000000000000000000e+00
1.784000000000000000e+03 2.217000000000000000e+03 4.000000000000000000e+00
1.790000000000000000e+03 2.237000000000000000e+03 4.000000000000000000e+00
1.751000000000000000e+03 2.062000000000000000e+03 4.000000000000000000e+00
1.869000000000000000e+03 2.121000000000000000e+03 4.000000000000000000e+00
1.877000000000000000e+03 1.963000000000000000e+03 4.000000000000000000e+00
1.920000000000000000e+03 2.219000000000000000e+03 4.000000000000000000e+00
1.728000000000000000e+03 2.189000000000000000e+03 4.000000000000000000e+00
1.924000000000000000e+03 2.175000000000000000e+03 4.000000000000000000e+00
1.797000000000000000e+03 2.110000000000000000e+03 4.000000000000000000e+00
1.872000000000000000e+03 2.060000000000000000e+03 4.000000000000000000e+00
1.697000000000000000e+03 2.140000000000000000e+03 4.000000000000000000e+00
1.894000000000000000e+03 2.205000000000000000e+03 4.000000000000000000e+00
1.876000000000000000e+03 2.093000000000000000e+03 4.000000000000000000e+00
1.865000000000000000e+03 2.071000000000000000e+03 4.000000000000000000e+00
1.842000000000000000e+03 2.074000000000000000e+03 4.000000000000000000e+00
1.807000000000000000e+03 1.904000000000000000e+03 4.000000000000000000e+00
1.908000000000000000e+03 2.055000000000000000e+03 4.000000000000000000e+00
1.792000000000000000e+03 2.135000000000000000e+03 4.000000000000000000e+00
1.869000000000000000e+03 2.076000000000000000e+03 4.000000000000000000e+00
1.861000000000000000e+03 2.058000000000000000e+03 4.000000000000000000e+00
1.827000000000000000e+03 2.088000000000000000e+03 4.000000000000000000e+00
1.816000000000000000e+03 2.299000000000000000e+03 4.000000000000000000e+00
1.917000000000000000e+03 2.158000000000000000e+03 4.000000000000000000e+00
1.929000000000000000e+03 2.154000000000000000e+03 4.000000000000000000e+00
1.883000000000000000e+03 2.307000000000000000e+03 4.000000000000000000e+00
1.953000000000000000e+03 2.128000000000000000e+03 4.000000000000000000e+00
1.944000000000000000e+03 2.208000000000000000e+03 4.000000000000000000e+00
1.772000000000000000e+03 2.072000000000000000e+03 4.000000000000000000e+00
1.869000000000000000e+03 2.020000000000000000e+03 4.000000000000000000e+00
1.858000000000000000e+03 2.207000000000000000e+03 4.000000000000000000e+00
1.919000000000000000e+03 2.204000000000000000e+03 4.000000000000000000e+00
1.804000000000000000e+03 2.098000000000000000e+03 4.000000000000000000e+00
1.882000000000000000e+03 2.173000000000000000e+03 4.000000000000000000e+00
1.879000000000000000e+03 2.018000000000000000e+03 4.000000000000000000e+00
1.788000000000000000e+03 2.174000000000000000e+03 4.000000000000000000e+00
1.878000000000000000e+03 1.846000000000000000e+03 4.000000000000000000e+00
1.839000000000000000e+03 2.056000000000000000e+03 4.000000000000000000e+00
1.716000000000000000e+03 2.230000000000000000e+03 4.000000000000000000e+00
1.902000000000000000e+03 2.052000000000000000e+03 4.000000000000000000e+00
1.819000000000000000e+03 1.926000000000000000e+03 4.000000000000000000e+00
1.851000000000000000e+03 2.098000000000000000e+03 4.000000000000000000e+00
1.731000000000000000e+03 2.160000000000000000e+03 4.000000000000000000e+00
1.756000000000000000e+03 2.227000000000000000e+03 4.000000000000000000e+00
1.876000000000000000e+03 2.157000000000000000e+03 4.000000000000000000e+00
1.869000000000000000e+03 1.977000000000000000e+03 4.000000000000000000e+00
1.875000000000000000e+03 2.263000000000000000e+03 4.000000000000000000e+00
1.856000000000000000e+03 2.203000000000000000e+03 4.000000000000000000e+00
1.710000000000000000e+03 2.031000000000000000e+03 4.000000000000000000e+00
1.851000000000000000e+03 2.089000000000000000e+03 4.000000000000000000e+00
1.886000000000000000e+03 2.083000000000000000e+03 4.000000000000000000e+00
1.783000000000000000e+03 1.950000000000000000e+03 4.000000000000000000e+00
1.824000000000000000e+03 1.920000000000000000e+03 4.000000000000000000e+00
1.936000000000000000e+03 2.223000000000000000e+03 4.000000000000000000e+00
1.799000000000000000e+03 2.154000000000000000e+03 4.000000000000000000e+00
1.779000000000000000e+03 2.079000000000000000e+03 4.000000000000000000e+00
1.978000000000000000e+03 2.120000000000000000e+03 4.000000000000000000e+00
1.827000000000000000e+03 2.197000000000000000e+03 4.000000000000000000e+00
1.904000000000000000e+03 1.938000000000000000e+03 4.000000000000000000e+00
1.816000000000000000e+03 2.164000000000000000e+03 4.000000000000000000e+00
1.883000000000000000e+03 1.904000000000000000e+03 4.000000000000000000e+00
1.880000000000000000e+03 2.216000000000000000e+03 4.000000000000000000e+00
1.849000000000000000e+03 2.101000000000000000e+03 4.000000000000000000e+00
1.920000000000000000e+03 2.158000000000000000e+03 4.000000000000000000e+00
1.846000000000000000e+03 1.999000000000000000e+03 4.000000000000000000e+00
1.978000000000000000e+03 2.058000000000000000e+03 4.000000000000000000e+00
1.864000000000000000e+03 2.178000000000000000e+03 4.000000000000000000e+00
1.954000000000000000e+03 2.123000000000000000e+03 4.000000000000000000e+00
1.821000000000000000e+03 2.166000000000000000e+03 4.000000000000000000e+00
1.927000000000000000e+03 2.097000000000000000e+03 4.000000000000000000e+00
1.674000000000000000e+03 2.122000000000000000e+03 4.000000000000000000e+00
1.794000000000000000e+03 2.188000000000000000e+03 4.000000000000000000e+00
1.873000000000000000e+03 2.196000000000000000e+03 4.000000000000000000e+00
1.814000000000000000e+03 2.134000000000000000e+03 4.000000000000000000e+00
1.728000000000000000e+03 2.059000000000000000e+03 4.000000000000000000e+00
1.759000000000000000e+03 2.045000000000000000e+03 4.000000000000000000e+00
1.825000000000000000e+03 2.114000000000000000e+03 4.000000000000000000e+00
1.844000000000000000e+03 2.107000000000000000e+03 4.000000000000000000e+00
1.830000000000000000e+03 2.231000000000000000e+03 4.000000000000000000e+00
1.739000000000000000e+03 2.238000000000000000e+03 4.000000000000000000e+00
1.931000000000000000e+03 2.175000000000000000e+03 4.000000000000000000e+00
1.850000000000000000e+03 2.270000000000000000e+03 4.000000000000000000e+00
1.885000000000000000e+03 2.107000000000000000e+03 4.000000000000000000e+00
1.795000000000000000e+03 2.209000000000000000e+03 4.000000000000000000e+00
1.851000000000000000e+03 2.371000000000000000e+03 4.000000000000000000e+00
1.843000000000000000e+03 2.331000000000000000e+03 4.000000000000000000e+00
1.900000000000000000e+03 2.198000000000000000e+03 4.000000000000000000e+00
1.962000000000000000e+03 2.138000000000000000e+03 4.000000000000000000e+00
1.847000000000000000e+03 2.118000000000000000e+03 4.000000000000000000e+00
1.895000000000000000e+03 2.091000000000000000e+03 4.000000000000000000e+00
1.856000000000000000e+03 2.076000000000000000e+03 4.000000000000000000e+00
1.828000000000000000e+03 1.961000000000000000e+03 4.000000000000000000e+00
1.944000000000000000e+03 2.166000000000000000e+03 4.000000000000000000e+00
1.874000000000000000e+03 2.070000000000000000e+03 4.000000000000000000e+00
1.818000000000000000e+03 2.170000000000000000e+03 4.000000000000000000e+00
1.931000000000000000e+03 2.170000000000000000e+03 4.000000000000000000e+00
1.807000000000000000e+03 2.231000000000000000e+03 4.000000000000000000e+00
1.791000000000000000e+03 2.025000000000000000e+03 4.000000000000000000e+00
1.837000000000000000e+03 1.970000000000000000e+03 4.000000000000000000e+00
1.777000000000000000e+03 2.267000000000000000e+03 4.000000000000000000e+00
1.696000000000000000e+03 2.042000000000000000e+03 4.000000000000000000e+00
1.863000000000000000e+03 1.927000000000000000e+03 4.000000000000000000e+00
1.810000000000000000e+03 2.258000000000000000e+03 4.000000000000000000e+00
1.773000000000000000e+03 2.239000000000000000e+03 4.000000000000000000e+00
1.805000000000000000e+03 2.089000000000000000e+03 4.000000000000000000e+00
1.876000000000000000e+03 2.078000000000000000e+03 4.000000000000000000e+00
1.784000000000000000e+03 1.930000000000000000e+03 4.000000000000000000e+00
1.838000000000000000e+03 2.014000000000000000e+03 4.000000000000000000e+00
1.859000000000000000e+03 2.184000000000000000e+03 4.000000000000000000e+00
1.909000000000000000e+03 2.105000000000000000e+03 4.000000000000000000e+00
1.838000000000000000e+03 1.949000000000000000e+03 4.000000000000000000e+00
1.886000000000000000e+03 2.056000000000000000e+03 4.000000000000000000e+00
1.865000000000000000e+03 2.341000000000000000e+03 4.000000000000000000e+00
1.811000000000000000e+03 2.022000000000000000e+03 4.000000000000000000e+00
1.795000000000000000e+03 2.224000000000000000e+03 4.000000000000000000e+00
1.845000000000000000e+03 1.999000000000000000e+03 4.000000000000000000e+00
1.930000000000000000e+03 2.072000000000000000e+03 4.000000000000000000e+00
1.900000000000000000e+03 2.226000000000000000e+03 4.000000000000000000e+00
1.847000000000000000e+03 2.147000000000000000e+03 4.000000000000000000e+00
1.691000000000000000e+03 2.176000000000000000e+03 4.000000000000000000e+00
1.837000000000000000e+03 2.213000000000000000e+03 4.000000000000000000e+00
1.801000000000000000e+03 2.190000000000000000e+03 4.000000000000000000e+00
1.682000000000000000e+03 1.985000000000000000e+03 4.000000000000000000e+00
1.879000000000000000e+03 2.144000000000000000e+03 4.000000000000000000e+00
1.748000000000000000e+03 2.292000000000000000e+03 4.000000000000000000e+00
1.806000000000000000e+03 2.312000000000000000e+03 4.000000000000000000e+00
1.883000000000000000e+03 2.100000000000000000e+03 4.000000000000000000e+00
1.849000000000000000e+03 2.333000000000000000e+03 4.000000000000000000e+00
1.893000000000000000e+03 1.898000000000000000e+03 4.000000000000000000e+00
1.850000000000000000e+03 1.973000000000000000e+03 4.000000000000000000e+00
1.716000000000000000e+03 1.984000000000000000e+03 4.000000000000000000e+00
1.834000000000000000e+03 2.064000000000000000e+03 4.000000000000000000e+00
1.794000000000000000e+03 2.096000000000000000e+03 4.000000000000000000e+00
1.942000000000000000e+03 2.074000000000000000e+03 4.000000000000000000e+00
1.839000000000000000e+03 2.093000000000000000e+03 4.000000000000000000e+00
1.798000000000000000e+03 2.069000000000000000e+03 4.000000000000000000e+00
1.709000000000000000e+03 2.195000000000000000e+03 4.000000000000000000e+00
1.836000000000000000e+03 2.207000000000000000e+03 4.000000000000000000e+00
1.949000000000000000e+03 1.952000000000000000e+03 4.000000000000000000e+00
1.934000000000000000e+03 2.091000000000000000e+03 4.000000000000000000e+00
1.895000000000000000e+03 2.103000000000000000e+03 4.000000000000000000e+00
1.729000000000000000e+03 2.094000000000000000e+03 4.000000000000000000e+00
1.920000000000000000e+03 2.037000000000000000e+03 4.000000000000000000e+00
1.827000000000000000e+03 2.145000000000000000e+03 4.000000000000000000e+00
1.756000000000000000e+03 2.024000000000000000e+03 4.000000000000000000e+00
1.874000000000000000e+03 2.243000000000000000e+03 4.000000000000000000e+00
1.797000000000000000e+03 2.188000000000000000e+03 4.000000000000000000e+00
1.871000000000000000e+03 2.082000000000000000e+03 4.000000000000000000e+00
1.906000000000000000e+03 2.286000000000000000e+03 4.000000000000000000e+00
1.896000000000000000e+03 2.196000000000000000e+03 4.000000000000000000e+00
1.853000000000000000e+03 2.123000000000000000e+03 4.000000000000000000e+00
1.898000000000000000e+03 2.281000000000000000e+03 4.000000000000000000e+00
1.767000000000000000e+03 1.960000000000000000e+03 4.000000000000000000e+00
1.725000000000000000e+03 2.019000000000000000e+03 4.000000000000000000e+00
1.875000000000000000e+03 2.083000000000000000e+03 4.000000000000000000e+00
1.925000000000000000e+03 2.132000000000000000e+03 4.000000000000000000e+00
1.822000000000000000e+03 1.997000000000000000e+03 4.000000000000000000e+00
1.931000000000000000e+03 2.216000000000000000e+03 4.000000000000000000e+00
1.681000000000000000e+03 2.067000000000000000e+03 4.000000000000000000e+00
1.751000000000000000e+03 2.071000000000000000e+03 4.000000000000000000e+00
1.765000000000000000e+03 2.061000000000000000e+03 4.000000000000000000e+00
1.803000000000000000e+03 2.201000000000000000e+03 4.000000000000000000e+00
1.888000000000000000e+03 2.085000000000000000e+03 4.000000000000000000e+00
1.879000000000000000e+03 2.055000000000000000e+03 4.000000000000000000e+00
1.764000000000000000e+03 2.262000000000000000e+03 4.000000000000000000e+00
1.863000000000000000e+03 1.995000000000000000e+03 4.000000000000000000e+00
1.782000000000000000e+03 2.236000000000000000e+03 4.000000000000000000e+00
1.910000000000000000e+03 2.275000000000000000e+03 4.000000000000000000e+00
1.783000000000000000e+03 2.131000000000000000e+03 4.000000000000000000e+00
1.753000000000000000e+03 2.203000000000000000e+03 4.000000000000000000e+00
1.921000000000000000e+03 2.084000000000000000e+03 4.000000000000000000e+00
1.961000000000000000e+03 1.999000000000000000e+03 4.000000000000000000e+00
1.794000000000000000e+03 2.268000000000000000e+03 4.000000000000000000e+00
1.803000000000000000e+03 2.213000000000000000e+03 4.000000000000000000e+00
1.756000000000000000e+03 2.106000000000000000e+03 4.000000000000000000e+00
1.782000000000000000e+03 2.005000000000000000e+03 4.000000000000000000e+00
1.797000000000000000e+03 2.095000000000000000e+03 4.000000000000000000e+00
1.765000000000000000e+03 2.108000000000000000e+03 4.000000000000000000e+00
1.794000000000000000e+03 2.522000000000000000e+03 5.000000000000000000e+00
1.864000000000000000e+03 2.489000000000000000e+03 5.000000000000000000e+00
1.786000000000000000e+03 2.612000000000000000e+03 5.000000000000000000e+00
1.923000000000000000e+03 2.591000000000000000e+03 5.000000000000000000e+00
1.799000000000000000e+03 2.402000000000000000e+03 5.000000000000000000e+00
1.892000000000000000e+03 2.715000000000000000e+03 5.000000000000000000e+00
1.817000000000000000e+03 2.605000000000000000e+03 5.000000000000000000e+00
1.953000000000000000e+03 2.584000000000000000e+03 5.000000000000000000e+00
1.782000000000000000e+03 2.631000000000000000e+03 5.000000000000000000e+00
1.888000000000000000e+03 2.631000000000000000e+03 5.000000000000000000e+00
1.815000000000000000e+03 2.560000000000000000e+03 5.000000000000000000e+00
1.884000000000000000e+03 2.595000000000000000e+03 5.000000000000000000e+00
1.829000000000000000e+03 2.540000000000000000e+03 5.000000000000000000e+00
1.823000000000000000e+03 2.643000000000000000e+03 5.000000000000000000e+00
1.913000000000000000e+03 2.475000000000000000e+03 5.000000000000000000e+00
1.770000000000000000e+03 2.710000000000000000e+03 5.000000000000000000e+00
1.816000000000000000e+03 2.512000000000000000e+03 5.000000000000000000e+00
1.790000000000000000e+03 2.510000000000000000e+03 5.000000000000000000e+00
1.921000000000000000e+03 2.627000000000000000e+03 5.000000000000000000e+00
1.940000000000000000e+03 2.575000000000000000e+03 5.000000000000000000e+00
1.850000000000000000e+03 2.531000000000000000e+03 5.000000000000000000e+00
1.878000000000000000e+03 2.615000000000000000e+03 5.000000000000000000e+00
1.907000000000000000e+03 2.543000000000000000e+03 5.000000000000000000e+00
1.796000000000000000e+03 2.510000000000000000e+03 5.000000000000000000e+00
1.884000000000000000e+03 2.567000000000000000e+03 5.000000000000000000e+00
1.854000000000000000e+03 2.546000000000000000e+03 5.000000000000000000e+00
1.982000000000000000e+03 2.557000000000000000e+03 5.000000000000000000e+00
1.967000000000000000e+03 2.568000000000000000e+03 5.000000000000000000e+00
1.729000000000000000e+03 2.415000000000000000e+03 5.000000000000000000e+00
1.737000000000000000e+03 2.670000000000000000e+03 5.000000000000000000e+00
1.762000000000000000e+03 2.744000000000000000e+03 5.000000000000000000e+00
1.799000000000000000e+03 2.567000000000000000e+03 5.000000000000000000e+00
1.827000000000000000e+03 2.608000000000000000e+03 5.000000000000000000e+00
1.771000000000000000e+03 2.576000000000000000e+03 5.000000000000000000e+00
1.837000000000000000e+03 2.568000000000000000e+03 5.000000000000000000e+00
1.898000000000000000e+03 2.441000000000000000e+03 5.000000000000000000e+00
1.978000000000000000e+03 2.636000000000000000e+03 5.000000000000000000e+00
1.847000000000000000e+03 2.440000000000000000e+03 5.000000000000000000e+00
1.845000000000000000e+03 2.446000000000000000e+03 5.000000000000000000e+00
1.883000000000000000e+03 2.584000000000000000e+03 5.000000000000000000e+00
1.837000000000000000e+03 2.451000000000000000e+03 5.000000000000000000e+00
1.908000000000000000e+03 2.689000000000000000e+03 5.000000000000000000e+00
1.837000000000000000e+03 2.528000000000000000e+03 5.000000000000000000e+00
1.737000000000000000e+03 2.550000000000000000e+03 5.000000000000000000e+00
1.831000000000000000e+03 2.503000000000000000e+03 5.000000000000000000e+00
1.898000000000000000e+03 2.524000000000000000e+03 5.000000000000000000e+00
1.894000000000000000e+03 2.603000000000000000e+03 5.000000000000000000e+00
1.873000000000000000e+03 2.565000000000000000e+03 5.000000000000000000e+00
1.908000000000000000e+03 2.461000000000000000e+03 5.000000000000000000e+00
1.812000000000000000e+03 2.616000000000000000e+03 5.000000000000000000e+00
1.833000000000000000e+03 2.455000000000000000e+03 5.000000000000000000e+00
1.885000000000000000e+03 2.647000000000000000e+03 5.000000000000000000e+00
1.863000000000000000e+03 2.675000000000000000e+03 5.000000000000000000e+00
1.815000000000000000e+03 2.522000000000000000e+03 5.000000000000000000e+00
1.851000000000000000e+03 2.477000000000000000e+03 5.000000000000000000e+00
1.868000000000000000e+03 2.599000000000000000e+03 5.000000000000000000e+00
1.740000000000000000e+03 2.527000000000000000e+03 5.000000000000000000e+00
1.959000000000000000e+03 2.558000000000000000e+03 5.000000000000000000e+00
1.937000000000000000e+03 2.690000000000000000e+03 5.000000000000000000e+00
1.799000000000000000e+03 2.582000000000000000e+03 5.000000000000000000e+00
1.834000000000000000e+03 2.563000000000000000e+03 5.000000000000000000e+00
1.916000000000000000e+03 2.516000000000000000e+03 5.000000000000000000e+00
1.881000000000000000e+03 2.473000000000000000e+03 5.000000000000000000e+00
1.704000000000000000e+03 2.594000000000000000e+03 5.000000000000000000e+00
1.775000000000000000e+03 2.418000000000000000e+03 5.000000000000000000e+00
1.939000000000000000e+03 2.618000000000000000e+03 5.000000000000000000e+00
1.920000000000000000e+03 2.727000000000000000e+03 5.000000000000000000e+00
1.790000000000000000e+03 2.543000000000000000e+03 5.000000000000000000e+00
1.812000000000000000e+03 2.484000000000000000e+03 5.000000000000000000e+00
1.744000000000000000e+03 2.575000000000000000e+03 5.000000000000000000e+00
1.792000000000000000e+03 2.557000000000000000e+03 5.000000000000000000e+00
1.888000000000000000e+03 2.617000000000000000e+03 5.000000000000000000e+00
1.815000000000000000e+03 2.452000000000000000e+03 5.000000000000000000e+00
1.935000000000000000e+03 2.435000000000000000e+03 5.000000000000000000e+00
1.775000000000000000e+03 2.532000000000000000e+03 5.000000000000000000e+00
1.718000000000000000e+03 2.662000000000000000e+03 5.000000000000000000e+00
1.815000000000000000e+03 2.652000000000000000e+03 5.000000000000000000e+00
1.898000000000000000e+03 2.567000000000000000e+03 5.000000000000000000e+00
1.857000000000000000e+03 2.509000000000000000e+03 5.000000000000000000e+00
1.913000000000000000e+03 2.680000000000000000e+03 5.000000000000000000e+00
1.872000000000000000e+03 2.620000000000000000e+03 5.000000000000000000e+00
1.829000000000000000e+03 2.543000000000000000e+03 5.000000000000000000e+00
1.817000000000000000e+03 2.458000000000000000e+03 5.000000000000000000e+00
1.711000000000000000e+03 2.616000000000000000e+03 5.000000000000000000e+00
1.841000000000000000e+03 2.531000000000000000e+03 5.000000000000000000e+00
1.809000000000000000e+03 2.556000000000000000e+03 5.000000000000000000e+00
1.849000000000000000e+03 2.542000000000000000e+03 5.000000000000000000e+00
1.879000000000000000e+03 2.453000000000000000e+03 5.000000000000000000e+00
1.960000000000000000e+03 2.495000000000000000e+03 5.000000000000000000e+00
1.873000000000000000e+03 2.545000000000000000e+03 5.000000000000000000e+00
1.771000000000000000e+03 2.580000000000000000e+03 5.000000000000000000e+00
1.803000000000000000e+03 2.801000000000000000e+03 5.000000000000000000e+00
1.867000000000000000e+03 2.592000000000000000e+03 5.000000000000000000e+00
1.840000000000000000e+03 2.542000000000000000e+03 5.000000000000000000e+00
1.897000000000000000e+03 2.574000000000000000e+03 5.000000000000000000e+00
1.808000000000000000e+03 2.554000000000000000e+03 5.000000000000000000e+00
1.892000000000000000e+03 2.550000000000000000e+03 5.000000000000000000e+00
1.910000000000000000e+03 2.571000000000000000e+03 5.000000000000000000e+00
1.865000000000000000e+03 2.569000000000000000e+03 5.000000000000000000e+00
1.848000000000000000e+03 2.542000000000000000e+03 5.000000000000000000e+00
1.985000000000000000e+03 2.514000000000000000e+03 5.000000000000000000e+00
1.865000000000000000e+03 2.507000000000000000e+03 5.000000000000000000e+00
1.782000000000000000e+03 2.565000000000000000e+03 5.000000000000000000e+00
1.866000000000000000e+03 2.457000000000000000e+03 5.000000000000000000e+00
1.736000000000000000e+03 2.609000000000000000e+03 5.000000000000000000e+00
1.812000000000000000e+03 2.491000000000000000e+03 5.000000000000000000e+00
1.860000000000000000e+03 2.520000000000000000e+03 5.000000000000000000e+00
1.842000000000000000e+03 2.580000000000000000e+03 5.000000000000000000e+00
1.866000000000000000e+03 2.431000000000000000e+03 5.000000000000000000e+00
1.867000000000000000e+03 2.651000000000000000e+03 5.000000000000000000e+00
1.874000000000000000e+03 2.622000000000000000e+03 5.000000000000000000e+00
1.903000000000000000e+03 2.434000000000000000e+03 5.000000000000000000e+00
1.774000000000000000e+03 2.532000000000000000e+03 5.000000000000000000e+00
1.908000000000000000e+03 2.458000000000000000e+03 5.000000000000000000e+00
1.852000000000000000e+03 2.539000000000000000e+03 5.000000000000000000e+00
1.910000000000000000e+03 2.559000000000000000e+03 5.000000000000000000e+00
1.756000000000000000e+03 2.562000000000000000e+03 5.000000000000000000e+00
1.864000000000000000e+03 2.659000000000000000e+03 5.000000000000000000e+00
1.716000000000000000e+03 2.627000000000000000e+03 5.000000000000000000e+00
1.781000000000000000e+03 2.583000000000000000e+03 5.000000000000000000e+00
1.921000000000000000e+03 2.410000000000000000e+03 5.000000000000000000e+00
1.769000000000000000e+03 2.517000000000000000e+03 5.000000000000000000e+00
1.880000000000000000e+03 2.570000000000000000e+03 5.000000000000000000e+00
1.887000000000000000e+03 2.495000000000000000e+03 5.000000000000000000e+00
1.821000000000000000e+03 2.582000000000000000e+03 5.000000000000000000e+00
1.794000000000000000e+03 2.591000000000000000e+03 5.000000000000000000e+00
1.926000000000000000e+03 2.530000000000000000e+03 5.000000000000000000e+00
1.830000000000000000e+03 2.457000000000000000e+03 5.000000000000000000e+00
1.778000000000000000e+03 2.583000000000000000e+03 5.000000000000000000e+00
1.896000000000000000e+03 2.497000000000000000e+03 5.000000000000000000e+00
1.802000000000000000e+03 2.573000000000000000e+03 5.000000000000000000e+00
1.905000000000000000e+03 2.686000000000000000e+03 5.000000000000000000e+00
1.780000000000000000e+03 2.390000000000000000e+03 5.000000000000000000e+00
1.785000000000000000e+03 2.657000000000000000e+03 5.000000000000000000e+00
1.826000000000000000e+03 2.577000000000000000e+03 5.000000000000000000e+00
1.736000000000000000e+03 2.596000000000000000e+03 5.000000000000000000e+00
1.787000000000000000e+03 2.547000000000000000e+03 5.000000000000000000e+00
1.852000000000000000e+03 2.489000000000000000e+03 5.000000000000000000e+00
1.872000000000000000e+03 2.538000000000000000e+03 5.000000000000000000e+00
1.852000000000000000e+03 2.437000000000000000e+03 5.000000000000000000e+00
1.767000000000000000e+03 2.410000000000000000e+03 5.000000000000000000e+00
1.765000000000000000e+03 2.524000000000000000e+03 5.000000000000000000e+00
1.934000000000000000e+03 2.631000000000000000e+03 5.000000000000000000e+00
1.820000000000000000e+03 2.559000000000000000e+03 5.000000000000000000e+00
1.890000000000000000e+03 2.627000000000000000e+03 5.000000000000000000e+00
1.822000000000000000e+03 2.524000000000000000e+03 5.000000000000000000e+00
1.762000000000000000e+03 2.366000000000000000e+03 5.000000000000000000e+00
1.870000000000000000e+03 2.458000000000000000e+03 5.000000000000000000e+00
1.854000000000000000e+03 2.661000000000000000e+03 5.000000000000000000e+00
1.809000000000000000e+03 2.553000000000000000e+03 5.000000000000000000e+00
1.795000000000000000e+03 2.451000000000000000e+03 5.000000000000000000e+00
1.770000000000000000e+03 2.537000000000000000e+03 5.000000000000000000e+00
1.910000000000000000e+03 2.634000000000000000e+03 5.000000000000000000e+00
1.918000000000000000e+03 2.500000000000000000e+03 5.000000000000000000e+00
1.748000000000000000e+03 2.594000000000000000e+03 5.000000000000000000e+00
1.865000000000000000e+03 2.592000000000000000e+03 5.000000000000000000e+00
1.868000000000000000e+03 2.678000000000000000e+03 5.000000000000000000e+00
1.925000000000000000e+03 2.375000000000000000e+03 5.000000000000000000e+00
1.845000000000000000e+03 2.599000000000000000e+03 5.000000000000000000e+00
1.907000000000000000e+03 2.574000000000000000e+03 5.000000000000000000e+00
1.741000000000000000e+03 2.682000000000000000e+03 5.000000000000000000e+00
1.734000000000000000e+03 2.485000000000000000e+03 5.000000000000000000e+00
1.859000000000000000e+03 2.625000000000000000e+03 5.000000000000000000e+00
1.910000000000000000e+03 2.539000000000000000e+03 5.000000000000000000e+00
1.847000000000000000e+03 2.459000000000000000e+03 5.000000000000000000e+00
1.823000000000000000e+03 2.564000000000000000e+03 5.000000000000000000e+00
1.943000000000000000e+03 2.541000000000000000e+03 5.000000000000000000e+00
1.805000000000000000e+03 2.481000000000000000e+03 5.000000000000000000e+00
1.963000000000000000e+03 2.455000000000000000e+03 5.000000000000000000e+00
1.783000000000000000e+03 2.599000000000000000e+03 5.000000000000000000e+00
1.812000000000000000e+03 2.535000000000000000e+03 5.000000000000000000e+00
1.894000000000000000e+03 2.614000000000000000e+03 5.000000000000000000e+00
1.834000000000000000e+03 2.507000000000000000e+03 5.000000000000000000e+00
1.891000000000000000e+03 2.574000000000000000e+03 5.000000000000000000e+00
1.975000000000000000e+03 2.630000000000000000e+03 5.000000000000000000e+00
1.946000000000000000e+03 2.507000000000000000e+03 5.000000000000000000e+00
1.821000000000000000e+03 2.580000000000000000e+03 5.000000000000000000e+00
1.733000000000000000e+03 2.528000000000000000e+03 5.000000000000000000e+00
1.944000000000000000e+03 2.611000000000000000e+03 5.000000000000000000e+00
1.939000000000000000e+03 2.612000000000000000e+03 5.000000000000000000e+00
1.885000000000000000e+03 2.542000000000000000e+03 5.000000000000000000e+00
1.713000000000000000e+03 2.528000000000000000e+03 5.000000000000000000e+00
1.846000000000000000e+03 2.552000000000000000e+03 5.000000000000000000e+00
1.873000000000000000e+03 2.638000000000000000e+03 5.000000000000000000e+00
1.795000000000000000e+03 2.638000000000000000e+03 5.000000000000000000e+00
1.859000000000000000e+03 2.649000000000000000e+03 5.000000000000000000e+00
1.898000000000000000e+03 2.647000000000000000e+03 5.000000000000000000e+00
1.947000000000000000e+03 2.515000000000000000e+03 5.000000000000000000e+00
1.839000000000000000e+03 2.444000000000000000e+03 5.000000000000000000e+00
1.779000000000000000e+03 2.622000000000000000e+03 5.000000000000000000e+00
1.905000000000000000e+03 2.555000000000000000e+03 5.000000000000000000e+00
1.797000000000000000e+03 2.532000000000000000e+03 5.000000000000000000e+00
1.707000000000000000e+03 2.615000000000000000e+03 5.000000000000000000e+00
1.932000000000000000e+03 2.585000000000000000e+03 5.000000000000000000e+00
1.792000000000000000e+03 2.468000000000000000e+03 5.000000000000000000e+00
1.811000000000000000e+03 2.505000000000000000e+03 5.000000000000000000e+00
1.846000000000000000e+03 2.457000000000000000e+03 5.000000000000000000e+00
1.904000000000000000e+03 2.586000000000000000e+03 5.000000000000000000e+00
1.795000000000000000e+03 2.543000000000000000e+03 5.000000000000000000e+00
1.918000000000000000e+03 2.563000000000000000e+03 5.000000000000000000e+00
1.820000000000000000e+03 2.545000000000000000e+03 5.000000000000000000e+00
1.876000000000000000e+03 2.623000000000000000e+03 5.000000000000000000e+00
1.915000000000000000e+03 2.605000000000000000e+03 5.000000000000000000e+00
1.816000000000000000e+03 2.525000000000000000e+03 5.000000000000000000e+00
1.790000000000000000e+03 2.625000000000000000e+03 5.000000000000000000e+00
1.783000000000000000e+03 2.536000000000000000e+03 5.000000000000000000e+00
1.924000000000000000e+03 2.586000000000000000e+03 5.000000000000000000e+00
1.824000000000000000e+03 2.597000000000000000e+03 5.000000000000000000e+00
1.764000000000000000e+03 2.606000000000000000e+03 5.000000000000000000e+00
1.925000000000000000e+03 2.444000000000000000e+03 5.000000000000000000e+00
1.897000000000000000e+03 2.535000000000000000e+03 5.000000000000000000e+00
1.845000000000000000e+03 2.662000000000000000e+03 5.000000000000000000e+00
