0.000000000000000000e+00 9.450549483299255371e-01
1.287553645670413971e-02 9.285714030265808105e-01
1.287553645670413971e-02 9.010989069938659668e-01
1.716738194227218628e-02 9.505494236946105957e-01
2.145922742784023285e-02 9.175823926925659180e-01
2.575107291340827942e-02 9.505494236946105957e-01
2.575107291340827942e-02 9.120879173278808594e-01
3.433476388454437256e-02 9.175823926925659180e-01
3.433476388454437256e-02 9.230769276618957520e-01
3.862661123275756836e-02 9.175823926925659180e-01
4.291845485568046570e-02 9.340659379959106445e-01
4.291845485568046570e-02 9.175823926925659180e-01
4.721030220389366150e-02 9.615384340286254883e-01
5.150214582681655884e-02 9.395604133605957031e-01
5.150214582681655884e-02 9.285714030265808105e-01
5.579399317502975464e-02 9.175823926925659180e-01
5.579399317502975464e-02 9.285714030265808105e-01
6.008583679795265198e-02 9.230769276618957520e-01
6.437768042087554932e-02 8.736263513565063477e-01
6.437768042087554932e-02 9.120879173278808594e-01
7.296137511730194092e-02 9.120879173278808594e-01
7.296137511730194092e-02 9.175823926925659180e-01
7.296137511730194092e-02 9.285714030265808105e-01
7.725322246551513672e-02 9.890109896659851074e-01
7.725322246551513672e-02 9.725274443626403809e-01
8.154506236314773560e-02 2.692307829856872559e-01
8.154506236314773560e-02 5.934066176414489746e-01
8.154506236314773560e-02 9.285714030265808105e-01
8.583690971136093140e-02 8.901098966598510742e-01
8.583690971136093140e-02 7.692307978868484497e-02
8.583690971136093140e-02 9.340659379959106445e-01
8.583690971136093140e-02 9.505494236946105957e-01
9.012875705957412720e-02 6.868131756782531738e-01
9.012875705957412720e-02 8.956043720245361328e-01
9.012875705957412720e-02 4.395604506134986877e-02
9.012875705957412720e-02 9.340659379959106445e-01
9.012875705957412720e-02 1.318681389093399048e-01
9.012875705957412720e-02 9.285714030265808105e-01
9.012875705957412720e-02 9.505494236946105957e-01
9.442060440778732300e-02 9.285714030265808105e-01
9.442060440778732300e-02 4.890109896659851074e-01
9.442060440778732300e-02 2.417582422494888306e-01
9.442060440778732300e-02 9.890109896659851074e-01
9.442060440778732300e-02 5.164835453033447266e-01
9.871244430541992188e-02 0.000000000000000000e+00
9.871244430541992188e-02 7.472527623176574707e-01
9.871244430541992188e-02 9.230769276618957520e-01
9.871244430541992188e-02 8.846153616905212402e-01
9.871244430541992188e-02 9.450549483299255371e-01
1.030042916536331177e-01 8.791208863258361816e-01
1.030042916536331177e-01 4.395604431629180908e-01
1.030042916536331177e-01 6.428571343421936035e-01
1.030042916536331177e-01 7.637362480163574219e-01
1.030042916536331177e-01 4.450549483299255371e-01
1.030042916536331177e-01 8.846153616905212402e-01
1.030042916536331177e-01 2.307692319154739380e-01
1.072961390018463135e-01 6.373626589775085449e-01
1.072961390018463135e-01 6.428571343421936035e-01
1.072961390018463135e-01 3.681318759918212891e-01
1.072961390018463135e-01 9.450549483299255371e-01
1.072961390018463135e-01 8.956043720245361328e-01
1.072961390018463135e-01 6.593406796455383301e-01
1.072961390018463135e-01 5.054945349693298340e-01
1.072961390018463135e-01 1.043956056237220764e-01
1.072961390018463135e-01 3.296703472733497620e-02
1.072961390018463135e-01 9.120879173278808594e-01
1.072961390018463135e-01 6.538461446762084961e-01
1.115879863500595093e-01 3.571428656578063965e-01
1.115879863500595093e-01 8.626373410224914551e-01
1.115879863500595093e-01 4.835164844989776611e-01
1.115879863500595093e-01 4.725274741649627686e-01
1.115879863500595093e-01 1.978022009134292603e-01
1.115879863500595093e-01 7.032967209815979004e-01
1.115879863500595093e-01 7.692307829856872559e-01
1.115879863500595093e-01 8.736263513565063477e-01
1.115879863500595093e-01 7.087911963462829590e-01
1.115879863500595093e-01 4.945054948329925537e-01
1.115879863500595093e-01 1.923076957464218140e-01
1.115879863500595093e-01 1.538461595773696899e-01
1.115879863500595093e-01 2.032967060804367065e-01
1.158798262476921082e-01 7.032967209815979004e-01
1.158798262476921082e-01 8.846153616905212402e-01
1.158798262476921082e-01 9.285714030265808105e-01
1.158798262476921082e-01 9.505494236946105957e-01
1.158798262476921082e-01 4.560439586639404297e-01
1.158798262476921082e-01 6.208791136741638184e-01
1.158798262476921082e-01 9.065933823585510254e-01
1.158798262476921082e-01 5.329670310020446777e-01
1.158798262476921082e-01 5.000000000000000000e-01
1.158798262476921082e-01 6.593406796455383301e-01
1.158798262476921082e-01 3.461538553237915039e-01
1.158798262476921082e-01 4.340659379959106445e-01
1.158798262476921082e-01 3.846153989434242249e-02
1.158798262476921082e-01 7.142857313156127930e-01
1.158798262476921082e-01 9.890110045671463013e-02
1.158798262476921082e-01 4.285714328289031982e-01
1.158798262476921082e-01 2.912088036537170410e-01
1.158798262476921082e-01 7.362637519836425781e-01
1.201716735959053040e-01 7.692307978868484497e-02
1.201716735959053040e-01 9.340659528970718384e-02
1.201716735959053040e-01 1.098901107907295227e-01
1.201716735959053040e-01 5.000000000000000000e-01
1.201716735959053040e-01 2.252747267484664917e-01
1.201716735959053040e-01 6.978021860122680664e-01
1.201716735959053040e-01 9.065933823585510254e-01
1.201716735959053040e-01 4.560439586639404297e-01
1.201716735959053040e-01 3.296703398227691650e-01
1.201716735959053040e-01 4.120879173278808594e-01
1.201716735959053040e-01 3.846153989434242249e-02
1.201716735959053040e-01 8.956043720245361328e-01
1.201716735959053040e-01 6.538461446762084961e-01
1.201716735959053040e-01 4.395604431629180908e-01
1.201716735959053040e-01 1.868131905794143677e-01
1.201716735959053040e-01 5.879120826721191406e-01
1.201716735959053040e-01 1.538461595773696899e-01
1.201716735959053040e-01 6.098901033401489258e-01
1.201716735959053040e-01 2.472527474164962769e-01
1.201716735959053040e-01 2.032967060804367065e-01
1.244635209441184998e-01 1.868131905794143677e-01
1.244635209441184998e-01 2.197802215814590454e-01
1.244635209441184998e-01 4.835164844989776611e-01
1.244635209441184998e-01 7.527472376823425293e-01
1.244635209441184998e-01 5.054945349693298340e-01
1.244635209441184998e-01 3.956044018268585205e-01
1.244635209441184998e-01 7.362637519836425781e-01
1.244635209441184998e-01 4.120879173278808594e-01
1.244635209441184998e-01 3.626373708248138428e-01
1.244635209441184998e-01 2.582417726516723633e-01
1.244635209441184998e-01 2.142857164144515991e-01
1.244635209441184998e-01 3.791208863258361816e-01
1.244635209441184998e-01 9.890110045671463013e-02
1.244635209441184998e-01 4.560439586639404297e-01
1.244635209441184998e-01 5.329670310020446777e-01
1.244635209441184998e-01 7.142857313156127930e-01
1.244635209441184998e-01 6.813187003135681152e-01
1.244635209441184998e-01 4.780219793319702148e-01
1.244635209441184998e-01 2.307692319154739380e-01
1.244635209441184998e-01 3.021978139877319336e-01
1.244635209441184998e-01 7.912088036537170410e-01
1.244635209441184998e-01 4.615384638309478760e-01
1.244635209441184998e-01 9.340659379959106445e-01
1.244635209441184998e-01 4.450549483299255371e-01
1.244635209441184998e-01 7.967032790184020996e-01
1.244635209441184998e-01 3.846153914928436279e-01
1.287553608417510986e-01 1.923076957464218140e-01
1.287553608417510986e-01 9.120879173278808594e-01
1.287553608417510986e-01 9.395604133605957031e-01
1.287553608417510986e-01 9.340659379959106445e-01
1.287553608417510986e-01 6.098901033401489258e-01
1.287553608417510986e-01 6.538461446762084961e-01
1.287553608417510986e-01 6.153846383094787598e-01
1.287553608417510986e-01 4.505494534969329834e-01
1.287553608417510986e-01 2.857142984867095947e-01
1.287553608417510986e-01 3.461538553237915039e-01
1.287553608417510986e-01 6.703296899795532227e-01
1.287553608417510986e-01 6.318681240081787109e-01
1.287553608417510986e-01 1.648351699113845825e-01
1.287553608417510986e-01 7.032967209815979004e-01
1.287553608417510986e-01 3.186813294887542725e-01
1.287553608417510986e-01 7.747252583503723145e-01
1.287553608417510986e-01 9.230769276618957520e-01
1.287553608417510986e-01 7.692307829856872559e-01
1.287553608417510986e-01 1.043956056237220764e-01
1.287553608417510986e-01 8.241758495569229126e-02
1.287553608417510986e-01 6.043956279754638672e-01
1.287553608417510986e-01 3.901098966598510742e-01
1.287553608417510986e-01 4.835164844989776611e-01
1.287553608417510986e-01 2.362637370824813843e-01
1.287553608417510986e-01 5.494505763053894043e-01
1.287553608417510986e-01 3.131868243217468262e-01
1.287553608417510986e-01 4.725274741649627686e-01
1.287553608417510986e-01 3.681318759918212891e-01
1.287553608417510986e-01 4.010989069938659668e-01
1.287553608417510986e-01 9.065933823585510254e-01
1.330472081899642944e-01 2.692307829856872559e-01
1.330472081899642944e-01 3.131868243217468262e-01
1.330472081899642944e-01 3.296703398227691650e-01
1.330472081899642944e-01 2.747252881526947021e-01
1.330472081899642944e-01 1.098901107907295227e-01
1.330472081899642944e-01 6.868131756782531738e-01
1.330472081899642944e-01 2.142857164144515991e-01
1.330472081899642944e-01 6.703296899795532227e-01
1.330472081899642944e-01 4.945054948329925537e-01
1.330472081899642944e-01 4.010989069938659668e-01
1.330472081899642944e-01 9.120879173278808594e-01
1.330472081899642944e-01 5.329670310020446777e-01
1.330472081899642944e-01 8.956043720245361328e-01
1.330472081899642944e-01 1.538461595773696899e-01
1.330472081899642944e-01 5.219780206680297852e-01
1.330472081899642944e-01 5.659340620040893555e-01
1.330472081899642944e-01 3.461538553237915039e-01
1.330472081899642944e-01 1.153846159577369690e-01
1.330472081899642944e-01 4.175824224948883057e-01
1.330472081899642944e-01 2.197802215814590454e-01
1.330472081899642944e-01 6.538461446762084961e-01
1.330472081899642944e-01 1.373626440763473511e-01
1.330472081899642944e-01 4.615384638309478760e-01
1.330472081899642944e-01 3.791208863258361816e-01
1.330472081899642944e-01 3.516483604907989502e-01
1.330472081899642944e-01 5.769230723381042480e-01
1.330472081899642944e-01 2.527472674846649170e-01
1.330472081899642944e-01 7.692307978868484497e-02
1.330472081899642944e-01 7.307692170143127441e-01
1.373390555381774902e-01 3.076923191547393799e-01
1.373390555381774902e-01 1.758241802453994751e-01
1.373390555381774902e-01 7.362637519836425781e-01
1.373390555381774902e-01 7.142857313156127930e-01
1.373390555381774902e-01 8.626373410224914551e-01
1.373390555381774902e-01 9.890110045671463013e-02
1.373390555381774902e-01 6.538461446762084961e-01
1.373390555381774902e-01 9.395604133605957031e-01
1.373390555381774902e-01 4.780219793319702148e-01
1.373390555381774902e-01 2.967033088207244873e-01
1.373390555381774902e-01 1.648351699113845825e-01
1.373390555381774902e-01 2.582417726516723633e-01
1.373390555381774902e-01 8.956043720245361328e-01
1.373390555381774902e-01 5.054945349693298340e-01
1.373390555381774902e-01 5.384615659713745117e-01
1.373390555381774902e-01 8.736263513565063477e-01
1.373390555381774902e-01 6.263736486434936523e-01
1.373390555381774902e-01 7.032967209815979004e-01
1.373390555381774902e-01 6.978021860122680664e-01
1.373390555381774902e-01 7.472527623176574707e-01
1.373390555381774902e-01 1.043956056237220764e-01
1.373390555381774902e-01 3.791208863258361816e-01
1.373390555381774902e-01 2.527472674846649170e-01
1.373390555381774902e-01 5.989010930061340332e-01
1.373390555381774902e-01 7.692307829856872559e-01
1.416309028863906860e-01 1.153846159577369690e-01
1.416309028863906860e-01 1.593406647443771362e-01
1.416309028863906860e-01 1.428571492433547974e-01
1.416309028863906860e-01 1.538461595773696899e-01
1.416309028863906860e-01 3.901098966598510742e-01
1.416309028863906860e-01 5.714285969734191895e-01
1.416309028863906860e-01 3.131868243217468262e-01
1.416309028863906860e-01 3.736263811588287354e-01
1.416309028863906860e-01 1.813186854124069214e-01
1.416309028863906860e-01 4.010989069938659668e-01
1.416309028863906860e-01 6.648351550102233887e-01
1.416309028863906860e-01 5.604395866394042969e-01
1.416309028863906860e-01 9.890110045671463013e-02
1.416309028863906860e-01 3.626373708248138428e-01
1.416309028863906860e-01 1.978022009134292603e-01
1.416309028863906860e-01 4.450549483299255371e-01
1.416309028863906860e-01 7.032967209815979004e-01
1.416309028863906860e-01 2.912088036537170410e-01
1.416309028863906860e-01 4.120879173278808594e-01
1.416309028863906860e-01 2.967033088207244873e-01
1.416309028863906860e-01 9.340659528970718384e-02
1.416309028863906860e-01 1.868131905794143677e-01
1.416309028863906860e-01 7.417582273483276367e-01
1.416309028863906860e-01 6.373626589775085449e-01
1.459227502346038818e-01 2.747252881526947021e-01
1.459227502346038818e-01 1.153846159577369690e-01
1.459227502346038818e-01 4.835164844989776611e-01
1.459227502346038818e-01 6.593406796455383301e-01
1.459227502346038818e-01 5.934066176414489746e-01
1.459227502346038818e-01 6.648351550102233887e-01
1.459227502346038818e-01 3.076923191547393799e-01
1.459227502346038818e-01 5.000000000000000000e-01
1.459227502346038818e-01 5.989010930061340332e-01
1.459227502346038818e-01 4.120879173278808594e-01
1.459227502346038818e-01 3.131868243217468262e-01
1.459227502346038818e-01 4.395604431629180908e-01
1.459227502346038818e-01 6.098901033401489258e-01
1.459227502346038818e-01 2.087912112474441528e-01
1.459227502346038818e-01 1.813186854124069214e-01
1.459227502346038818e-01 1.538461595773696899e-01
1.459227502346038818e-01 8.791209012269973755e-02
1.459227502346038818e-01 3.351648449897766113e-01
1.459227502346038818e-01 7.527472376823425293e-01
1.459227502346038818e-01 6.868131756782531738e-01
1.459227502346038818e-01 4.450549483299255371e-01
1.459227502346038818e-01 5.659340620040893555e-01
1.459227502346038818e-01 7.472527623176574707e-01
1.502145975828170776e-01 6.868131756782531738e-01
1.502145975828170776e-01 2.747252881526947021e-01
1.502145975828170776e-01 2.692307829856872559e-01
1.502145975828170776e-01 6.703296899795532227e-01
1.502145975828170776e-01 2.142857164144515991e-01
1.502145975828170776e-01 2.582417726516723633e-01
1.502145975828170776e-01 5.219780206680297852e-01
1.502145975828170776e-01 9.120879173278808594e-01
1.502145975828170776e-01 1.263736337423324585e-01
1.502145975828170776e-01 5.934066176414489746e-01
1.502145975828170776e-01 3.351648449897766113e-01
1.502145975828170776e-01 7.967032790184020996e-01
1.502145975828170776e-01 2.857142984867095947e-01
1.545064449310302734e-01 5.054945349693298340e-01
1.545064449310302734e-01 6.703296899795532227e-01
1.545064449310302734e-01 1.593406647443771362e-01
1.545064449310302734e-01 3.021978139877319336e-01
1.545064449310302734e-01 3.131868243217468262e-01
1.545064449310302734e-01 2.967033088207244873e-01
1.545064449310302734e-01 2.912088036537170410e-01
1.545064449310302734e-01 6.923077106475830078e-01
1.545064449310302734e-01 9.450549483299255371e-01
1.545064449310302734e-01 1.098901107907295227e-01
1.545064449310302734e-01 3.626373708248138428e-01
1.545064449310302734e-01 5.494505539536476135e-02
1.545064449310302734e-01 8.241758495569229126e-02
1.545064449310302734e-01 8.956043720245361328e-01
1.545064449310302734e-01 9.285714030265808105e-01
1.587982773780822754e-01 2.472527474164962769e-01
1.587982773780822754e-01 1.208791211247444153e-01
1.587982773780822754e-01 6.593406796455383301e-01
1.587982773780822754e-01 4.285714328289031982e-01
1.587982773780822754e-01 6.978021860122680664e-01
1.587982773780822754e-01 6.483516693115234375e-01
1.587982773780822754e-01 9.175823926925659180e-01
1.587982773780822754e-01 6.538461446762084961e-01
1.587982773780822754e-01 4.230769276618957520e-01
1.630901247262954712e-01 5.164835453033447266e-01
1.630901247262954712e-01 1.153846159577369690e-01
1.630901247262954712e-01 4.395604431629180908e-01
1.630901247262954712e-01 1.263736337423324585e-01
1.630901247262954712e-01 3.076923191547393799e-01
1.630901247262954712e-01 4.450549483299255371e-01
1.630901247262954712e-01 3.241758346557617188e-01
1.630901247262954712e-01 9.395604133605957031e-01
1.673819720745086670e-01 1.593406647443771362e-01
1.673819720745086670e-01 4.340659379959106445e-01
1.673819720745086670e-01 1.703296750783920288e-01
1.673819720745086670e-01 9.395604133605957031e-01
1.673819720745086670e-01 1.318681389093399048e-01
1.673819720745086670e-01 2.582417726516723633e-01
1.673819720745086670e-01 1.153846159577369690e-01
1.673819720745086670e-01 1.098901107907295227e-01
1.673819720745086670e-01 2.142857164144515991e-01
1.673819720745086670e-01 1.648351699113845825e-01
1.716738194227218628e-01 1.098901107907295227e-01
1.716738194227218628e-01 9.285714030265808105e-01
1.716738194227218628e-01 1.263736337423324585e-01
1.716738194227218628e-01 1.703296750783920288e-01
1.716738194227218628e-01 9.065933823585510254e-01
1.716738194227218628e-01 1.153846159577369690e-01
1.759656667709350586e-01 7.032967209815979004e-01
1.759656667709350586e-01 6.373626589775085449e-01
1.759656667709350586e-01 1.263736337423324585e-01
1.759656667709350586e-01 8.241758495569229126e-02
1.759656667709350586e-01 9.175823926925659180e-01
1.759656667709350586e-01 8.626373410224914551e-01
1.759656667709350586e-01 1.043956056237220764e-01
1.759656667709350586e-01 3.406593501567840576e-01
1.759656667709350586e-01 1.703296750783920288e-01
1.759656667709350586e-01 6.318681240081787109e-01
1.759656667709350586e-01 1.483516544103622437e-01
1.759656667709350586e-01 3.516483604907989502e-01
1.802575141191482544e-01 9.340659379959106445e-01
1.802575141191482544e-01 5.604395866394042969e-01
1.802575141191482544e-01 9.725274443626403809e-01
1.802575141191482544e-01 9.340659528970718384e-02
1.802575141191482544e-01 1.593406647443771362e-01
1.845493614673614502e-01 9.450549483299255371e-01
1.845493614673614502e-01 8.846153616905212402e-01
1.845493614673614502e-01 9.120879173278808594e-01
1.845493614673614502e-01 9.285714030265808105e-01
1.845493614673614502e-01 2.252747267484664917e-01
1.845493614673614502e-01 5.219780206680297852e-01
1.888412088155746460e-01 1.483516544103622437e-01
1.888412088155746460e-01 2.637362778186798096e-01
1.888412088155746460e-01 8.241758495569229126e-02
1.931330412626266479e-01 1.153846159577369690e-01
1.931330412626266479e-01 8.901098966598510742e-01
1.931330412626266479e-01 9.505494236946105957e-01
1.931330412626266479e-01 5.494505539536476135e-02
1.931330412626266479e-01 7.692307978868484497e-02
1.974248886108398438e-01 7.142857462167739868e-02
1.974248886108398438e-01 9.285714030265808105e-01
1.974248886108398438e-01 9.010989069938659668e-01
2.017167359590530396e-01 9.010989069938659668e-01
2.017167359590530396e-01 1.098901107907295227e-01
2.017167359590530396e-01 1.043956056237220764e-01
2.017167359590530396e-01 9.340659379959106445e-01
2.017167359590530396e-01 9.120879173278808594e-01
2.017167359590530396e-01 9.175823926925659180e-01
2.017167359590530396e-01 1.263736337423324585e-01
2.060085833072662354e-01 8.956043720245361328e-01
2.060085833072662354e-01 9.010989069938659668e-01
2.060085833072662354e-01 9.340659528970718384e-02
2.103004306554794312e-01 9.945054650306701660e-01
2.103004306554794312e-01 1.043956056237220764e-01
2.103004306554794312e-01 9.175823926925659180e-01
2.103004306554794312e-01 9.725274443626403809e-01
2.103004306554794312e-01 5.494505539536476135e-02
2.145922780036926270e-01 1.153846159577369690e-01
2.145922780036926270e-01 1.098901107907295227e-01
2.145922780036926270e-01 9.010989069938659668e-01
2.145922780036926270e-01 1.923076957464218140e-01
2.145922780036926270e-01 7.692307978868484497e-02
2.145922780036926270e-01 1.263736337423324585e-01
2.145922780036926270e-01 9.890110045671463013e-02
2.145922780036926270e-01 8.241758495569229126e-02
2.145922780036926270e-01 9.395604133605957031e-01
2.188841253519058228e-01 9.340659379959106445e-01
2.188841253519058228e-01 9.505494236946105957e-01
2.188841253519058228e-01 9.340659528970718384e-02
2.231759727001190186e-01 1.208791211247444153e-01
2.231759727001190186e-01 4.175824224948883057e-01
2.231759727001190186e-01 4.725274741649627686e-01
2.231759727001190186e-01 9.230769276618957520e-01
2.231759727001190186e-01 2.087912112474441528e-01
2.231759727001190186e-01 9.340659528970718384e-02
2.274678051471710205e-01 8.956043720245361328e-01
2.274678051471710205e-01 9.175823926925659180e-01
2.274678051471710205e-01 8.791209012269973755e-02
2.274678051471710205e-01 9.505494236946105957e-01
2.274678051471710205e-01 1.318681389093399048e-01
2.274678051471710205e-01 9.065933823585510254e-01
2.274678051471710205e-01 9.340659379959106445e-01
2.317596524953842163e-01 8.846153616905212402e-01
2.317596524953842163e-01 9.395604133605957031e-01
2.317596524953842163e-01 9.230769276618957520e-01
2.317596524953842163e-01 4.395604506134986877e-02
2.317596524953842163e-01 4.780219793319702148e-01
2.317596524953842163e-01 9.175823926925659180e-01
2.360514998435974121e-01 9.395604133605957031e-01
2.360514998435974121e-01 4.505494534969329834e-01
2.360514998435974121e-01 9.890110045671463013e-02
2.403433471918106079e-01 1.263736337423324585e-01
2.403433471918106079e-01 9.890110045671463013e-02
2.403433471918106079e-01 9.340659528970718384e-02
2.403433471918106079e-01 4.670329689979553223e-01
2.403433471918106079e-01 6.043956056237220764e-02
2.403433471918106079e-01 4.340659379959106445e-01
2.446351945400238037e-01 7.802197933197021484e-01
2.446351945400238037e-01 5.000000000000000000e-01
2.446351945400238037e-01 9.890109896659851074e-01
2.446351945400238037e-01 9.230769276618957520e-01
2.446351945400238037e-01 4.120879173278808594e-01
2.446351945400238037e-01 9.285714030265808105e-01
2.446351945400238037e-01 8.791208863258361816e-01
2.489270418882369995e-01 8.791208863258361816e-01
2.489270418882369995e-01 8.571428656578063965e-01
2.489270418882369995e-01 1.098901107907295227e-01
2.489270418882369995e-01 4.395604431629180908e-01
2.489270418882369995e-01 9.340659528970718384e-02
2.489270418882369995e-01 8.791209012269973755e-02
2.489270418882369995e-01 5.000000000000000000e-01
2.489270418882369995e-01 4.395604506134986877e-02
2.489270418882369995e-01 4.010989069938659668e-01
2.489270418882369995e-01 1.263736337423324585e-01
2.532188892364501953e-01 9.835164546966552734e-01
2.532188892364501953e-01 3.681318759918212891e-01
2.532188892364501953e-01 4.505494534969329834e-01
2.532188892364501953e-01 1.043956056237220764e-01
2.532188892364501953e-01 1.318681389093399048e-01
2.575107216835021973e-01 8.791209012269973755e-02
2.575107216835021973e-01 7.252747416496276855e-01
2.575107216835021973e-01 4.065934121608734131e-01
2.575107216835021973e-01 9.175823926925659180e-01
2.575107216835021973e-01 7.417582273483276367e-01
2.575107216835021973e-01 1.153846159577369690e-01
2.575107216835021973e-01 9.340659379959106445e-01
2.575107216835021973e-01 1.043956056237220764e-01
2.575107216835021973e-01 9.230769276618957520e-01
2.618025839328765869e-01 5.384615659713745117e-01
2.618025839328765869e-01 8.791209012269973755e-02
2.618025839328765869e-01 9.450549483299255371e-01
2.618025839328765869e-01 9.285714030265808105e-01
2.618025839328765869e-01 5.000000000000000000e-01
2.618025839328765869e-01 4.175824224948883057e-01
2.618025839328765869e-01 6.648351550102233887e-01
2.618025839328765869e-01 4.670329689979553223e-01
2.618025839328765869e-01 6.868131756782531738e-01
2.618025839328765869e-01 7.912088036537170410e-01
2.660944163799285889e-01 6.758241653442382812e-01
2.660944163799285889e-01 9.450549483299255371e-01
2.660944163799285889e-01 4.890109896659851074e-01
2.660944163799285889e-01 4.505494534969329834e-01
2.660944163799285889e-01 8.901098966598510742e-01
2.660944163799285889e-01 4.010989069938659668e-01
2.660944163799285889e-01 9.065933823585510254e-01
2.660944163799285889e-01 9.890110045671463013e-02
2.660944163799285889e-01 1.538461595773696899e-01
2.703862786293029785e-01 9.230769276618957520e-01
2.703862786293029785e-01 7.802197933197021484e-01
2.703862786293029785e-01 7.142857313156127930e-01
2.703862786293029785e-01 9.340659379959106445e-01
2.703862786293029785e-01 1.263736337423324585e-01
2.703862786293029785e-01 9.450549483299255371e-01
2.703862786293029785e-01 4.835164844989776611e-01
2.703862786293029785e-01 4.945054948329925537e-01
2.703862786293029785e-01 4.560439586639404297e-01
2.703862786293029785e-01 5.329670310020446777e-01
2.703862786293029785e-01 9.395604133605957031e-01
2.746781110763549805e-01 4.670329689979553223e-01
2.746781110763549805e-01 9.450549483299255371e-01
2.746781110763549805e-01 9.340659528970718384e-02
2.746781110763549805e-01 4.120879173278808594e-01
2.746781110763549805e-01 6.043956056237220764e-02
2.746781110763549805e-01 4.890109896659851074e-01
2.746781110763549805e-01 1.373626440763473511e-01
2.746781110763549805e-01 1.263736337423324585e-01
2.746781110763549805e-01 4.340659379959106445e-01
2.746781110763549805e-01 6.593406796455383301e-01
2.746781110763549805e-01 9.230769276618957520e-01
2.746781110763549805e-01 9.505494236946105957e-01
2.746781110763549805e-01 7.417582273483276367e-01
2.789699435234069824e-01 9.560439586639404297e-01
2.789699435234069824e-01 4.670329689979553223e-01
2.789699435234069824e-01 4.395604431629180908e-01
2.789699435234069824e-01 9.450549483299255371e-01
2.789699435234069824e-01 7.307692170143127441e-01
2.789699435234069824e-01 1.318681389093399048e-01
2.789699435234069824e-01 9.395604133605957031e-01
2.789699435234069824e-01 9.890110045671463013e-02
2.789699435234069824e-01 4.615384638309478760e-01
2.789699435234069824e-01 1.098901107907295227e-01
2.832618057727813721e-01 4.065934121608734131e-01
2.832618057727813721e-01 1.043956056237220764e-01
2.832618057727813721e-01 3.901098966598510742e-01
2.832618057727813721e-01 9.175823926925659180e-01
2.832618057727813721e-01 7.142857313156127930e-01
2.832618057727813721e-01 3.681318759918212891e-01
2.832618057727813721e-01 4.395604431629180908e-01
2.832618057727813721e-01 4.835164844989776611e-01
2.832618057727813721e-01 7.032967209815979004e-01
2.832618057727813721e-01 7.582417726516723633e-01
2.832618057727813721e-01 5.329670310020446777e-01
2.832618057727813721e-01 5.000000000000000000e-01
2.832618057727813721e-01 7.472527623176574707e-01
2.832618057727813721e-01 7.912088036537170410e-01
2.875536382198333740e-01 1.373626440763473511e-01
2.875536382198333740e-01 6.648351550102233887e-01
2.875536382198333740e-01 3.956044018268585205e-01
2.875536382198333740e-01 4.725274741649627686e-01
2.875536382198333740e-01 1.263736337423324585e-01
2.875536382198333740e-01 4.340659379959106445e-01
2.875536382198333740e-01 8.241758495569229126e-02
2.875536382198333740e-01 9.120879173278808594e-01
2.875536382198333740e-01 9.395604133605957031e-01
2.875536382198333740e-01 7.692307978868484497e-02
2.875536382198333740e-01 4.175824224948883057e-01
2.875536382198333740e-01 3.901098966598510742e-01
2.875536382198333740e-01 8.791209012269973755e-02
2.875536382198333740e-01 7.802197933197021484e-01
2.918455004692077637e-01 7.142857313156127930e-01
2.918455004692077637e-01 4.945054948329925537e-01
2.918455004692077637e-01 9.285714030265808105e-01
2.918455004692077637e-01 9.890110045671463013e-02
2.918455004692077637e-01 6.703296899795532227e-01
2.918455004692077637e-01 7.527472376823425293e-01
2.918455004692077637e-01 6.593406796455383301e-01
2.918455004692077637e-01 5.274725556373596191e-01
2.918455004692077637e-01 5.329670310020446777e-01
2.918455004692077637e-01 4.615384638309478760e-01
2.961373329162597656e-01 7.912088036537170410e-01
2.961373329162597656e-01 8.791209012269973755e-02
2.961373329162597656e-01 4.560439586639404297e-01
2.961373329162597656e-01 1.043956056237220764e-01
2.961373329162597656e-01 9.395604133605957031e-01
2.961373329162597656e-01 9.285714030265808105e-01
2.961373329162597656e-01 7.692307829856872559e-01
2.961373329162597656e-01 3.901098966598510742e-01
2.961373329162597656e-01 4.175824224948883057e-01
3.004291951656341553e-01 6.923077106475830078e-01
3.004291951656341553e-01 4.835164844989776611e-01
3.004291951656341553e-01 9.560439586639404297e-01
3.004291951656341553e-01 8.791209012269973755e-02
3.004291951656341553e-01 9.285714030265808105e-01
3.004291951656341553e-01 6.593406945466995239e-02
3.004291951656341553e-01 7.582417726516723633e-01
3.004291951656341553e-01 7.527472376823425293e-01
3.004291951656341553e-01 5.000000000000000000e-01
3.004291951656341553e-01 4.230769276618957520e-01
3.004291951656341553e-01 8.736263513565063477e-01
3.004291951656341553e-01 4.560439586639404297e-01
3.004291951656341553e-01 4.670329689979553223e-01
3.004291951656341553e-01 1.098901107907295227e-01
3.047210276126861572e-01 4.285714328289031982e-01
3.047210276126861572e-01 5.219780206680297852e-01
3.047210276126861572e-01 3.901098966598510742e-01
3.047210276126861572e-01 1.538461595773696899e-01
3.047210276126861572e-01 8.791209012269973755e-02
3.047210276126861572e-01 3.626373708248138428e-01
3.047210276126861572e-01 7.417582273483276367e-01
3.047210276126861572e-01 7.197802066802978516e-01
3.047210276126861572e-01 9.010989069938659668e-01
3.047210276126861572e-01 9.505494236946105957e-01
3.047210276126861572e-01 6.758241653442382812e-01
3.047210276126861572e-01 7.252747416496276855e-01
3.047210276126861572e-01 6.813187003135681152e-01
3.047210276126861572e-01 9.340659528970718384e-02
3.090128898620605469e-01 7.747252583503723145e-01
3.090128898620605469e-01 7.362637519836425781e-01
3.090128898620605469e-01 9.890110045671463013e-02
3.090128898620605469e-01 8.791209012269973755e-02
3.090128898620605469e-01 1.043956056237220764e-01
3.090128898620605469e-01 4.395604431629180908e-01
3.090128898620605469e-01 4.505494534969329834e-01
3.090128898620605469e-01 1.263736337423324585e-01
3.133047223091125488e-01 4.505494534969329834e-01
3.133047223091125488e-01 9.560439586639404297e-01
3.133047223091125488e-01 7.142857313156127930e-01
3.133047223091125488e-01 9.670329689979553223e-01
3.133047223091125488e-01 1.263736337423324585e-01
3.133047223091125488e-01 5.054945349693298340e-01
3.133047223091125488e-01 7.197802066802978516e-01
3.133047223091125488e-01 9.340659379959106445e-01
3.133047223091125488e-01 6.868131756782531738e-01
3.133047223091125488e-01 4.725274741649627686e-01
3.133047223091125488e-01 6.758241653442382812e-01
3.175965547561645508e-01 9.340659528970718384e-02
3.175965547561645508e-01 9.065933823585510254e-01
3.175965547561645508e-01 6.428571343421936035e-01
3.175965547561645508e-01 9.505494236946105957e-01
3.175965547561645508e-01 4.120879173278808594e-01
3.175965547561645508e-01 7.197802066802978516e-01
3.175965547561645508e-01 4.230769276618957520e-01
3.175965547561645508e-01 4.560439586639404297e-01
3.175965547561645508e-01 4.340659379959106445e-01
3.175965547561645508e-01 9.560439586639404297e-01
3.218884170055389404e-01 9.615384340286254883e-01
3.218884170055389404e-01 3.681318759918212891e-01
3.218884170055389404e-01 7.582417726516723633e-01
3.218884170055389404e-01 4.890109896659851074e-01
3.218884170055389404e-01 7.637362480163574219e-01
3.218884170055389404e-01 9.725274443626403809e-01
3.218884170055389404e-01 1.263736337423324585e-01
3.218884170055389404e-01 5.109890103340148926e-01
3.218884170055389404e-01 1.153846159577369690e-01
3.218884170055389404e-01 7.307692170143127441e-01
3.218884170055389404e-01 6.868131756782531738e-01
3.261802494525909424e-01 5.000000000000000000e-01
3.261802494525909424e-01 1.263736337423324585e-01
3.261802494525909424e-01 9.670329689979553223e-01
3.261802494525909424e-01 4.120879173278808594e-01
3.261802494525909424e-01 7.307692170143127441e-01
3.261802494525909424e-01 6.923077106475830078e-01
3.261802494525909424e-01 4.615384638309478760e-01
3.261802494525909424e-01 9.065933823585510254e-01
3.261802494525909424e-01 9.175823926925659180e-01
3.261802494525909424e-01 8.791209012269973755e-02
3.261802494525909424e-01 9.505494236946105957e-01
3.261802494525909424e-01 3.901098966598510742e-01
3.261802494525909424e-01 7.417582273483276367e-01
3.261802494525909424e-01 1.153846159577369690e-01
3.304721117019653320e-01 6.483516693115234375e-01
3.304721117019653320e-01 1.318681389093399048e-01
3.304721117019653320e-01 1.153846159577369690e-01
3.304721117019653320e-01 6.813187003135681152e-01
3.304721117019653320e-01 9.340659379959106445e-01
3.304721117019653320e-01 1.538461595773696899e-01
3.304721117019653320e-01 7.417582273483276367e-01
3.304721117019653320e-01 4.010989069938659668e-01
3.304721117019653320e-01 8.241758495569229126e-02
3.304721117019653320e-01 4.450549483299255371e-01
3.304721117019653320e-01 9.285714030265808105e-01
3.304721117019653320e-01 9.450549483299255371e-01
3.304721117019653320e-01 4.175824224948883057e-01
3.304721117019653320e-01 1.263736337423324585e-01
3.304721117019653320e-01 4.395604431629180908e-01
3.304721117019653320e-01 1.043956056237220764e-01
3.304721117019653320e-01 9.175823926925659180e-01
3.304721117019653320e-01 4.945054948329925537e-01
3.304721117019653320e-01 6.703296899795532227e-01
3.304721117019653320e-01 3.626373708248138428e-01
3.347639441490173340e-01 6.483516693115234375e-01
3.347639441490173340e-01 6.923077106475830078e-01
3.347639441490173340e-01 1.043956056237220764e-01
3.347639441490173340e-01 9.285714030265808105e-01
3.347639441490173340e-01 4.395604431629180908e-01
3.347639441490173340e-01 7.197802066802978516e-01
3.347639441490173340e-01 8.021978139877319336e-01
3.347639441490173340e-01 9.230769276618957520e-01
3.347639441490173340e-01 7.802197933197021484e-01
3.347639441490173340e-01 4.340659379959106445e-01
3.347639441490173340e-01 8.901098966598510742e-01
3.390558063983917236e-01 7.857142686843872070e-01
3.390558063983917236e-01 7.967032790184020996e-01
3.390558063983917236e-01 1.043956056237220764e-01
3.390558063983917236e-01 9.340659528970718384e-02
3.390558063983917236e-01 4.285714328289031982e-01
3.390558063983917236e-01 9.890110045671463013e-02
3.390558063983917236e-01 9.560439586639404297e-01
3.390558063983917236e-01 9.340659379959106445e-01
3.390558063983917236e-01 4.505494534969329834e-01
3.433476388454437256e-01 1.318681389093399048e-01
3.433476388454437256e-01 1.263736337423324585e-01
3.433476388454437256e-01 1.208791211247444153e-01
3.433476388454437256e-01 4.835164844989776611e-01
3.433476388454437256e-01 6.978021860122680664e-01
3.433476388454437256e-01 1.813186854124069214e-01
3.433476388454437256e-01 9.340659379959106445e-01
3.433476388454437256e-01 7.197802066802978516e-01
3.433476388454437256e-01 7.582417726516723633e-01
3.433476388454437256e-01 7.362637519836425781e-01
3.433476388454437256e-01 7.142857462167739868e-02
3.433476388454437256e-01 6.758241653442382812e-01
3.433476388454437256e-01 6.483516693115234375e-01
3.476394712924957275e-01 1.208791211247444153e-01
3.476394712924957275e-01 9.450549483299255371e-01
3.476394712924957275e-01 9.395604133605957031e-01
3.476394712924957275e-01 1.263736337423324585e-01
3.476394712924957275e-01 1.428571492433547974e-01
3.476394712924957275e-01 7.142857313156127930e-01
3.476394712924957275e-01 4.065934121608734131e-01
3.476394712924957275e-01 7.527472376823425293e-01
3.476394712924957275e-01 4.175824224948883057e-01
3.476394712924957275e-01 4.230769276618957520e-01
3.476394712924957275e-01 9.340659379959106445e-01
3.476394712924957275e-01 4.340659379959106445e-01
3.476394712924957275e-01 6.703296899795532227e-01
3.519313335418701172e-01 9.230769276618957520e-01
3.519313335418701172e-01 3.626373708248138428e-01
3.519313335418701172e-01 7.087911963462829590e-01
3.519313335418701172e-01 1.043956056237220764e-01
3.519313335418701172e-01 1.098901107907295227e-01
3.519313335418701172e-01 1.263736337423324585e-01
3.519313335418701172e-01 9.505494236946105957e-01
3.519313335418701172e-01 7.252747416496276855e-01
3.519313335418701172e-01 1.153846159577369690e-01
3.519313335418701172e-01 7.032967209815979004e-01
3.519313335418701172e-01 3.956044018268585205e-01
3.519313335418701172e-01 4.230769276618957520e-01
3.519313335418701172e-01 1.208791211247444153e-01
3.519313335418701172e-01 9.065933823585510254e-01
3.519313335418701172e-01 9.725274443626403809e-01
3.519313335418701172e-01 3.846153989434242249e-02
3.519313335418701172e-01 9.890109896659851074e-01
3.519313335418701172e-01 7.912088036537170410e-01
3.519313335418701172e-01 4.670329689979553223e-01
3.519313335418701172e-01 3.846153914928436279e-01
3.562231659889221191e-01 6.703296899795532227e-01
3.562231659889221191e-01 1.043956056237220764e-01
3.562231659889221191e-01 7.362637519836425781e-01
3.562231659889221191e-01 1.483516544103622437e-01
3.562231659889221191e-01 1.098901107907295227e-01
3.562231659889221191e-01 9.230769276618957520e-01
3.562231659889221191e-01 7.307692170143127441e-01
3.562231659889221191e-01 4.945054948329925537e-01
3.562231659889221191e-01 6.813187003135681152e-01
3.562231659889221191e-01 1.318681389093399048e-01
3.562231659889221191e-01 9.450549483299255371e-01
3.605150282382965088e-01 3.901098966598510742e-01
3.605150282382965088e-01 6.703296899795532227e-01
3.605150282382965088e-01 7.637362480163574219e-01
3.605150282382965088e-01 4.285714328289031982e-01
3.605150282382965088e-01 4.065934121608734131e-01
3.605150282382965088e-01 6.538461446762084961e-01
3.605150282382965088e-01 6.593406945466995239e-02
3.605150282382965088e-01 9.065933823585510254e-01
3.605150282382965088e-01 3.846153914928436279e-01
3.648068606853485107e-01 9.505494236946105957e-01
3.648068606853485107e-01 9.065933823585510254e-01
3.648068606853485107e-01 1.318681389093399048e-01
3.648068606853485107e-01 4.285714328289031982e-01
3.648068606853485107e-01 7.747252583503723145e-01
3.648068606853485107e-01 9.120879173278808594e-01
3.648068606853485107e-01 9.175823926925659180e-01
3.648068606853485107e-01 8.791208863258361816e-01
3.648068606853485107e-01 7.912088036537170410e-01
3.648068606853485107e-01 3.846153914928436279e-01
3.690987229347229004e-01 1.428571492433547974e-01
3.690987229347229004e-01 9.340659528970718384e-02
3.690987229347229004e-01 3.846153914928436279e-01
3.690987229347229004e-01 8.846153616905212402e-01
3.690987229347229004e-01 9.395604133605957031e-01
3.690987229347229004e-01 9.670329689979553223e-01
3.690987229347229004e-01 1.538461595773696899e-01
3.690987229347229004e-01 9.120879173278808594e-01
3.690987229347229004e-01 9.560439586639404297e-01
3.690987229347229004e-01 7.032967209815979004e-01
3.690987229347229004e-01 9.340659379959106445e-01
3.690987229347229004e-01 1.098901107907295227e-01
3.690987229347229004e-01 9.450549483299255371e-01
3.733905553817749023e-01 6.758241653442382812e-01
3.733905553817749023e-01 9.890109896659851074e-01
3.733905553817749023e-01 9.340659528970718384e-02
3.733905553817749023e-01 7.912088036537170410e-01
3.733905553817749023e-01 7.142857313156127930e-01
3.733905553817749023e-01 4.230769276618957520e-01
3.776824176311492920e-01 1.208791211247444153e-01
3.776824176311492920e-01 7.197802066802978516e-01
3.776824176311492920e-01 7.142857313156127930e-01
3.776824176311492920e-01 7.472527623176574707e-01
3.776824176311492920e-01 6.428571343421936035e-01
3.776824176311492920e-01 8.131868243217468262e-01
3.776824176311492920e-01 7.087911963462829590e-01
3.776824176311492920e-01 8.791208863258361816e-01
3.819742500782012939e-01 9.505494236946105957e-01
3.819742500782012939e-01 6.978021860122680664e-01
3.819742500782012939e-01 6.593406796455383301e-01
3.819742500782012939e-01 1.373626440763473511e-01
3.819742500782012939e-01 6.703296899795532227e-01
3.819742500782012939e-01 8.901098966598510742e-01
3.819742500782012939e-01 1.098901107907295227e-01
3.819742500782012939e-01 7.252747416496276855e-01
3.819742500782012939e-01 1.483516544103622437e-01
3.862660825252532959e-01 4.175824224948883057e-01
3.862660825252532959e-01 7.142857313156127930e-01
3.862660825252532959e-01 1.098901107907295227e-01
3.862660825252532959e-01 9.175823926925659180e-01
3.862660825252532959e-01 9.395604133605957031e-01
3.862660825252532959e-01 6.758241653442382812e-01
3.905579447746276855e-01 9.340659379959106445e-01
3.905579447746276855e-01 6.813187003135681152e-01
3.905579447746276855e-01 9.890110045671463013e-02
3.905579447746276855e-01 7.087911963462829590e-01
3.948497772216796875e-01 1.593406647443771362e-01
3.948497772216796875e-01 1.428571492433547974e-01
3.948497772216796875e-01 8.956043720245361328e-01
3.948497772216796875e-01 6.703296899795532227e-01
3.948497772216796875e-01 7.142857313156127930e-01
3.948497772216796875e-01 9.230769276618957520e-01
3.991416394710540771e-01 9.010989069938659668e-01
3.991416394710540771e-01 9.285714030265808105e-01
3.991416394710540771e-01 1.263736337423324585e-01
3.991416394710540771e-01 7.802197933197021484e-01
3.991416394710540771e-01 9.560439586639404297e-01
4.034334719181060791e-01 9.450549483299255371e-01
4.034334719181060791e-01 9.340659379959106445e-01
4.034334719181060791e-01 7.032967209815979004e-01
4.034334719181060791e-01 1.373626440763473511e-01
4.034334719181060791e-01 9.065933823585510254e-01
4.034334719181060791e-01 9.725274443626403809e-01
4.034334719181060791e-01 1.098901107907295227e-01
4.034334719181060791e-01 1.153846159577369690e-01
4.034334719181060791e-01 8.791209012269973755e-02
4.034334719181060791e-01 9.890110045671463013e-02
4.034334719181060791e-01 8.901098966598510742e-01
4.077253341674804688e-01 1.373626440763473511e-01
4.077253341674804688e-01 9.450549483299255371e-01
4.077253341674804688e-01 9.230769276618957520e-01
4.077253341674804688e-01 1.538461595773696899e-01
4.120171666145324707e-01 9.505494236946105957e-01
4.120171666145324707e-01 9.340659528970718384e-02
4.120171666145324707e-01 1.263736337423324585e-01
4.120171666145324707e-01 1.318681389093399048e-01
4.120171666145324707e-01 9.450549483299255371e-01
4.120171666145324707e-01 9.120879173278808594e-01
4.120171666145324707e-01 5.494505539536476135e-02
4.120171666145324707e-01 9.670329689979553223e-01
4.163089990615844727e-01 1.098901107907295227e-01
4.163089990615844727e-01 8.956043720245361328e-01
4.163089990615844727e-01 1.813186854124069214e-01
4.163089990615844727e-01 1.373626440763473511e-01
4.163089990615844727e-01 9.010989069938659668e-01
4.163089990615844727e-01 9.780219793319702148e-01
4.163089990615844727e-01 1.538461595773696899e-01
4.206008613109588623e-01 9.340659528970718384e-02
4.206008613109588623e-01 1.923076957464218140e-01
4.248926937580108643e-01 9.285714030265808105e-01
4.248926937580108643e-01 1.153846159577369690e-01
4.248926937580108643e-01 9.010989069938659668e-01
4.248926937580108643e-01 1.263736337423324585e-01
4.248926937580108643e-01 9.890110045671463013e-02
4.248926937580108643e-01 9.670329689979553223e-01
4.248926937580108643e-01 9.450549483299255371e-01
4.248926937580108643e-01 1.043956056237220764e-01
4.248926937580108643e-01 9.395604133605957031e-01
4.291845560073852539e-01 9.175823926925659180e-01
4.291845560073852539e-01 1.593406647443771362e-01
4.291845560073852539e-01 9.395604133605957031e-01
4.291845560073852539e-01 9.450549483299255371e-01
4.334763884544372559e-01 9.890110045671463013e-02
4.334763884544372559e-01 9.175823926925659180e-01
4.334763884544372559e-01 8.901098966598510742e-01
4.334763884544372559e-01 9.340659379959106445e-01
4.334763884544372559e-01 1.043956056237220764e-01
4.334763884544372559e-01 1.263736337423324585e-01
4.377682507038116455e-01 9.560439586639404297e-01
4.377682507038116455e-01 9.505494236946105957e-01
4.377682507038116455e-01 9.175823926925659180e-01
4.377682507038116455e-01 1.208791211247444153e-01
4.377682507038116455e-01 8.956043720245361328e-01
4.377682507038116455e-01 9.395604133605957031e-01
4.420600831508636475e-01 1.098901107907295227e-01
4.420600831508636475e-01 1.428571492433547974e-01
4.420600831508636475e-01 1.373626440763473511e-01
4.463519454002380371e-01 9.065933823585510254e-01
4.463519454002380371e-01 9.340659528970718384e-02
4.463519454002380371e-01 9.615384340286254883e-01
4.463519454002380371e-01 1.098901107907295227e-01
4.463519454002380371e-01 9.450549483299255371e-01
4.506437778472900391e-01 9.340659528970718384e-02
4.506437778472900391e-01 9.340659379959106445e-01
4.549356102943420410e-01 9.175823926925659180e-01
4.592274725437164307e-01 1.208791211247444153e-01
4.592274725437164307e-01 9.395604133605957031e-01
4.635193049907684326e-01 1.043956056237220764e-01
4.635193049907684326e-01 8.791209012269973755e-02
4.635193049907684326e-01 9.780219793319702148e-01
4.635193049907684326e-01 9.285714030265808105e-01
4.635193049907684326e-01 9.890110045671463013e-02
4.635193049907684326e-01 9.230769276618957520e-01
4.678111672401428223e-01 1.483516544103622437e-01
4.678111672401428223e-01 1.098901107907295227e-01
4.678111672401428223e-01 9.010989069938659668e-01
4.678111672401428223e-01 9.065933823585510254e-01
4.678111672401428223e-01 9.560439586639404297e-01
4.721029996871948242e-01 1.153846159577369690e-01
4.721029996871948242e-01 9.120879173278808594e-01
4.721029996871948242e-01 9.230769276618957520e-01
4.721029996871948242e-01 4.285714328289031982e-01
4.721029996871948242e-01 1.318681389093399048e-01
4.721029996871948242e-01 8.791209012269973755e-02
4.721029996871948242e-01 5.384615659713745117e-01
4.763948619365692139e-01 1.593406647443771362e-01
4.763948619365692139e-01 5.274725556373596191e-01
4.763948619365692139e-01 4.010989069938659668e-01
4.763948619365692139e-01 9.450549483299255371e-01
4.763948619365692139e-01 1.263736337423324585e-01
4.763948619365692139e-01 9.010989069938659668e-01
4.763948619365692139e-01 4.780219793319702148e-01
4.763948619365692139e-01 4.450549483299255371e-01
4.806866943836212158e-01 1.098901107907295227e-01
4.806866943836212158e-01 4.065934121608734131e-01
4.806866943836212158e-01 3.901098966598510742e-01
4.806866943836212158e-01 9.615384340286254883e-01
4.806866943836212158e-01 9.780219793319702148e-01
4.806866943836212158e-01 9.340659528970718384e-02
4.806866943836212158e-01 9.890110045671463013e-02
4.806866943836212158e-01 4.395604431629180908e-01
4.806866943836212158e-01 8.626373410224914551e-01
4.849785268306732178e-01 9.175823926925659180e-01
4.849785268306732178e-01 9.560439586639404297e-01
4.849785268306732178e-01 1.208791211247444153e-01
4.849785268306732178e-01 4.175824224948883057e-01
4.849785268306732178e-01 9.505494236946105957e-01
4.892703890800476074e-01 1.648351699113845825e-01
4.892703890800476074e-01 1.043956056237220764e-01
4.892703890800476074e-01 4.835164844989776611e-01
4.892703890800476074e-01 5.164835453033447266e-01
4.935622215270996094e-01 4.285714328289031982e-01
4.935622215270996094e-01 1.208791211247444153e-01
4.935622215270996094e-01 9.505494236946105957e-01
4.935622215270996094e-01 3.736263811588287354e-01
4.935622215270996094e-01 9.120879173278808594e-01
4.935622215270996094e-01 4.175824224948883057e-01
4.935622215270996094e-01 4.725274741649627686e-01
4.935622215270996094e-01 1.043956056237220764e-01
4.935622215270996094e-01 9.890110045671463013e-02
4.935622215270996094e-01 7.857142686843872070e-01
4.935622215270996094e-01 9.395604133605957031e-01
4.935622215270996094e-01 8.956043720245361328e-01
4.935622215270996094e-01 4.890109896659851074e-01
4.978540837764739990e-01 4.670329689979553223e-01
4.978540837764739990e-01 9.175823926925659180e-01
4.978540837764739990e-01 9.010989069938659668e-01
4.978540837764739990e-01 9.395604133605957031e-01
5.021459460258483887e-01 1.263736337423324585e-01
5.021459460258483887e-01 8.681318759918212891e-01
5.021459460258483887e-01 7.142857462167739868e-02
5.021459460258483887e-01 4.340659379959106445e-01
5.021459460258483887e-01 6.538461446762084961e-01
5.021459460258483887e-01 8.241758495569229126e-02
5.021459460258483887e-01 6.813187003135681152e-01
5.021459460258483887e-01 9.560439586639404297e-01
5.021459460258483887e-01 4.175824224948883057e-01
5.021459460258483887e-01 4.450549483299255371e-01
5.021459460258483887e-01 1.098901107907295227e-01
5.021459460258483887e-01 4.120879173278808594e-01
5.021459460258483887e-01 9.340659379959106445e-01
5.064377784729003906e-01 1.263736337423324585e-01
5.064377784729003906e-01 6.978021860122680664e-01
5.064377784729003906e-01 7.582417726516723633e-01
5.064377784729003906e-01 4.560439586639404297e-01
5.064377784729003906e-01 7.417582273483276367e-01
5.064377784729003906e-01 5.054945349693298340e-01
5.064377784729003906e-01 6.813187003135681152e-01
5.064377784729003906e-01 8.241758495569229126e-02
5.064377784729003906e-01 7.362637519836425781e-01
5.064377784729003906e-01 9.560439586639404297e-01
5.064377784729003906e-01 1.428571492433547974e-01
5.064377784729003906e-01 9.340659379959106445e-01
5.064377784729003906e-01 1.373626440763473511e-01
5.107296109199523926e-01 1.208791211247444153e-01
5.107296109199523926e-01 1.153846159577369690e-01
5.107296109199523926e-01 3.846153914928436279e-01
5.107296109199523926e-01 9.505494236946105957e-01
5.107296109199523926e-01 5.439560413360595703e-01
5.107296109199523926e-01 7.307692170143127441e-01
5.107296109199523926e-01 6.373626589775085449e-01
5.107296109199523926e-01 9.395604133605957031e-01
5.107296109199523926e-01 4.175824224948883057e-01
5.107296109199523926e-01 1.043956056237220764e-01
5.107296109199523926e-01 7.252747416496276855e-01
5.107296109199523926e-01 4.010989069938659668e-01
5.150214433670043945e-01 8.956043720245361328e-01
5.150214433670043945e-01 8.681318759918212891e-01
5.150214433670043945e-01 4.175824224948883057e-01
5.150214433670043945e-01 4.010989069938659668e-01
5.150214433670043945e-01 3.791208863258361816e-01
5.150214433670043945e-01 7.692307829856872559e-01
5.150214433670043945e-01 4.340659379959106445e-01
5.150214433670043945e-01 4.285714328289031982e-01
5.193132758140563965e-01 9.230769276618957520e-01
5.193132758140563965e-01 9.450549483299255371e-01
5.193132758140563965e-01 7.747252583503723145e-01
5.193132758140563965e-01 1.043956056237220764e-01
5.193132758140563965e-01 1.318681389093399048e-01
5.193132758140563965e-01 7.252747416496276855e-01
5.193132758140563965e-01 9.615384340286254883e-01
5.193132758140563965e-01 4.615384638309478760e-01
5.193132758140563965e-01 6.813187003135681152e-01
5.193132758140563965e-01 9.340659379959106445e-01
5.193132758140563965e-01 4.010989069938659668e-01
5.193132758140563965e-01 9.340659528970718384e-02
5.236051678657531738e-01 4.670329689979553223e-01
5.236051678657531738e-01 5.274725556373596191e-01
5.236051678657531738e-01 3.956044018268585205e-01
5.236051678657531738e-01 4.065934121608734131e-01
5.236051678657531738e-01 7.362637519836425781e-01
5.236051678657531738e-01 5.494505539536476135e-02
5.236051678657531738e-01 4.010989069938659668e-01
5.236051678657531738e-01 4.835164844989776611e-01
5.236051678657531738e-01 5.054945349693298340e-01
5.236051678657531738e-01 4.945054948329925537e-01
5.236051678657531738e-01 3.846153914928436279e-01
5.236051678657531738e-01 7.032967209815979004e-01
5.236051678657531738e-01 7.142857313156127930e-01
5.278970003128051758e-01 5.054945349693298340e-01
5.278970003128051758e-01 9.505494236946105957e-01
5.278970003128051758e-01 6.978021860122680664e-01
5.278970003128051758e-01 6.538461446762084961e-01
5.278970003128051758e-01 1.208791211247444153e-01
5.278970003128051758e-01 9.340659379959106445e-01
5.278970003128051758e-01 3.846153914928436279e-01
5.278970003128051758e-01 4.010989069938659668e-01
5.278970003128051758e-01 4.670329689979553223e-01
5.278970003128051758e-01 1.043956056237220764e-01
5.278970003128051758e-01 1.373626440763473511e-01
5.278970003128051758e-01 7.747252583503723145e-01
5.278970003128051758e-01 9.175823926925659180e-01
5.278970003128051758e-01 6.813187003135681152e-01
5.278970003128051758e-01 4.560439586639404297e-01
5.321888327598571777e-01 4.725274741649627686e-01
5.321888327598571777e-01 5.274725556373596191e-01
5.321888327598571777e-01 4.450549483299255371e-01
5.321888327598571777e-01 1.318681389093399048e-01
5.321888327598571777e-01 9.230769276618957520e-01
5.321888327598571777e-01 7.307692170143127441e-01
5.321888327598571777e-01 7.747252583503723145e-01
5.321888327598571777e-01 3.901098966598510742e-01
5.321888327598571777e-01 9.890110045671463013e-02
5.321888327598571777e-01 1.098901107907295227e-01
5.321888327598571777e-01 6.593406796455383301e-01
5.321888327598571777e-01 4.505494534969329834e-01
5.321888327598571777e-01 4.065934121608734131e-01
5.321888327598571777e-01 4.670329689979553223e-01
5.321888327598571777e-01 7.637362480163574219e-01
5.364806652069091797e-01 4.945054948329925537e-01
5.364806652069091797e-01 8.901098966598510742e-01
5.364806652069091797e-01 4.285714328289031982e-01
5.364806652069091797e-01 1.208791211247444153e-01
5.364806652069091797e-01 9.340659379959106445e-01
5.364806652069091797e-01 9.175823926925659180e-01
5.364806652069091797e-01 4.395604431629180908e-01
5.364806652069091797e-01 4.890109896659851074e-01
5.364806652069091797e-01 9.395604133605957031e-01
5.364806652069091797e-01 9.230769276618957520e-01
5.364806652069091797e-01 8.021978139877319336e-01
5.364806652069091797e-01 9.340659528970718384e-02
5.364806652069091797e-01 8.846153616905212402e-01
5.364806652069091797e-01 7.637362480163574219e-01
5.364806652069091797e-01 9.010989069938659668e-01
5.407725572586059570e-01 4.560439586639404297e-01
5.407725572586059570e-01 6.868131756782531738e-01
5.407725572586059570e-01 7.307692170143127441e-01
5.407725572586059570e-01 6.648351550102233887e-01
5.407725572586059570e-01 3.681318759918212891e-01
5.407725572586059570e-01 4.340659379959106445e-01
5.407725572586059570e-01 1.098901107907295227e-01
5.450643897056579590e-01 9.890110045671463013e-02
5.450643897056579590e-01 4.835164844989776611e-01
5.450643897056579590e-01 1.153846159577369690e-01
5.450643897056579590e-01 7.802197933197021484e-01
5.450643897056579590e-01 5.054945349693298340e-01
5.450643897056579590e-01 1.043956056237220764e-01
5.450643897056579590e-01 4.285714328289031982e-01
5.450643897056579590e-01 1.648351699113845825e-01
5.450643897056579590e-01 7.362637519836425781e-01
5.450643897056579590e-01 7.142857313156127930e-01
5.450643897056579590e-01 9.065933823585510254e-01
5.450643897056579590e-01 9.285714030265808105e-01
5.450643897056579590e-01 9.505494236946105957e-01
5.493562221527099609e-01 7.527472376823425293e-01
5.493562221527099609e-01 7.582417726516723633e-01
5.493562221527099609e-01 6.978021860122680664e-01
5.493562221527099609e-01 5.109890103340148926e-01
5.493562221527099609e-01 7.087911963462829590e-01
5.493562221527099609e-01 6.703296899795532227e-01
5.493562221527099609e-01 1.098901107907295227e-01
5.493562221527099609e-01 6.538461446762084961e-01
5.493562221527099609e-01 4.120879173278808594e-01
5.493562221527099609e-01 4.890109896659851074e-01
5.493562221527099609e-01 4.505494534969329834e-01
5.493562221527099609e-01 6.758241653442382812e-01
5.536480545997619629e-01 4.505494534969329834e-01
5.536480545997619629e-01 8.956043720245361328e-01
5.536480545997619629e-01 1.098901107907295227e-01
5.536480545997619629e-01 9.890110045671463013e-02
5.536480545997619629e-01 9.450549483299255371e-01
5.536480545997619629e-01 4.175824224948883057e-01
5.536480545997619629e-01 5.000000000000000000e-01
5.536480545997619629e-01 9.340659528970718384e-02
5.536480545997619629e-01 3.901098966598510742e-01
5.579398870468139648e-01 9.285714030265808105e-01
5.579398870468139648e-01 5.054945349693298340e-01
5.579398870468139648e-01 1.373626440763473511e-01
5.579398870468139648e-01 9.340659379959106445e-01
5.579398870468139648e-01 1.318681389093399048e-01
5.579398870468139648e-01 4.175824224948883057e-01
5.579398870468139648e-01 9.175823926925659180e-01
5.579398870468139648e-01 6.648351550102233887e-01
5.579398870468139648e-01 8.791209012269973755e-02
5.579398870468139648e-01 4.120879173278808594e-01
5.579398870468139648e-01 1.098901107907295227e-01
5.579398870468139648e-01 7.637362480163574219e-01
5.579398870468139648e-01 7.692307978868484497e-02
5.579398870468139648e-01 4.065934121608734131e-01
5.579398870468139648e-01 1.043956056237220764e-01
5.579398870468139648e-01 1.208791211247444153e-01
5.579398870468139648e-01 4.780219793319702148e-01
5.579398870468139648e-01 4.010989069938659668e-01
5.579398870468139648e-01 9.450549483299255371e-01
5.622317790985107422e-01 7.362637519836425781e-01
5.622317790985107422e-01 9.450549483299255371e-01
5.622317790985107422e-01 4.120879173278808594e-01
5.622317790985107422e-01 6.923077106475830078e-01
5.622317790985107422e-01 9.670329689979553223e-01
5.622317790985107422e-01 7.197802066802978516e-01
5.622317790985107422e-01 7.472527623176574707e-01
5.622317790985107422e-01 8.846153616905212402e-01
5.622317790985107422e-01 6.648351550102233887e-01
5.622317790985107422e-01 7.087911963462829590e-01
5.665236115455627441e-01 1.153846159577369690e-01
5.665236115455627441e-01 1.263736337423324585e-01
5.665236115455627441e-01 6.648351550102233887e-01
5.665236115455627441e-01 9.890110045671463013e-02
5.665236115455627441e-01 9.450549483299255371e-01
5.665236115455627441e-01 4.065934121608734131e-01
5.665236115455627441e-01 4.230769276618957520e-01
5.665236115455627441e-01 7.857142686843872070e-01
5.665236115455627441e-01 4.560439586639404297e-01
5.665236115455627441e-01 6.703296899795532227e-01
5.665236115455627441e-01 1.208791211247444153e-01
5.665236115455627441e-01 9.615384340286254883e-01
5.665236115455627441e-01 4.450549483299255371e-01
5.708154439926147461e-01 7.747252583503723145e-01
5.708154439926147461e-01 7.252747416496276855e-01
5.708154439926147461e-01 6.703296899795532227e-01
5.708154439926147461e-01 9.340659528970718384e-02
5.708154439926147461e-01 8.076922893524169922e-01
5.708154439926147461e-01 6.923077106475830078e-01
5.708154439926147461e-01 9.450549483299255371e-01
5.708154439926147461e-01 4.285714328289031982e-01
5.751072764396667480e-01 5.164835453033447266e-01
5.751072764396667480e-01 7.362637519836425781e-01
5.751072764396667480e-01 7.527472376823425293e-01
5.751072764396667480e-01 4.560439586639404297e-01
5.751072764396667480e-01 3.846153914928436279e-01
5.751072764396667480e-01 9.340659379959106445e-01
5.751072764396667480e-01 1.263736337423324585e-01
5.751072764396667480e-01 9.395604133605957031e-01
5.751072764396667480e-01 6.483516693115234375e-01
5.751072764396667480e-01 4.835164844989776611e-01
5.751072764396667480e-01 5.219780206680297852e-01
5.751072764396667480e-01 7.087911963462829590e-01
5.793991684913635254e-01 9.285714030265808105e-01
5.793991684913635254e-01 6.813187003135681152e-01
5.793991684913635254e-01 4.175824224948883057e-01
5.793991684913635254e-01 3.901098966598510742e-01
5.793991684913635254e-01 4.615384638309478760e-01
5.793991684913635254e-01 9.560439586639404297e-01
5.793991684913635254e-01 6.538461446762084961e-01
5.793991684913635254e-01 1.153846159577369690e-01
5.793991684913635254e-01 7.307692170143127441e-01
5.793991684913635254e-01 4.450549483299255371e-01
5.793991684913635254e-01 9.340659528970718384e-02
5.793991684913635254e-01 4.890109896659851074e-01
5.793991684913635254e-01 9.010989069938659668e-01
5.836910009384155273e-01 1.318681389093399048e-01
5.836910009384155273e-01 5.219780206680297852e-01
5.836910009384155273e-01 9.560439586639404297e-01
5.836910009384155273e-01 3.901098966598510742e-01
5.836910009384155273e-01 4.450549483299255371e-01
5.836910009384155273e-01 7.142857313156127930e-01
5.836910009384155273e-01 7.472527623176574707e-01
5.836910009384155273e-01 9.725274443626403809e-01
5.879828333854675293e-01 7.142857313156127930e-01
5.879828333854675293e-01 9.120879173278808594e-01
5.879828333854675293e-01 7.032967209815979004e-01
5.879828333854675293e-01 4.120879173278808594e-01
5.879828333854675293e-01 7.087911963462829590e-01
5.879828333854675293e-01 6.648351550102233887e-01
5.879828333854675293e-01 4.395604431629180908e-01
5.879828333854675293e-01 9.340659379959106445e-01
5.879828333854675293e-01 7.637362480163574219e-01
5.879828333854675293e-01 6.868131756782531738e-01
5.879828333854675293e-01 6.483516693115234375e-01
5.879828333854675293e-01 4.065934121608734131e-01
5.879828333854675293e-01 7.692307978868484497e-02
5.922746658325195312e-01 9.230769276618957520e-01
5.922746658325195312e-01 7.032967209815979004e-01
5.922746658325195312e-01 4.175824224948883057e-01
5.922746658325195312e-01 7.087911963462829590e-01
5.922746658325195312e-01 7.747252583503723145e-01
5.922746658325195312e-01 1.263736337423324585e-01
5.922746658325195312e-01 4.340659379959106445e-01
5.922746658325195312e-01 9.450549483299255371e-01
5.922746658325195312e-01 7.802197933197021484e-01
5.922746658325195312e-01 6.868131756782531738e-01
5.922746658325195312e-01 6.813187003135681152e-01
5.922746658325195312e-01 1.373626440763473511e-01
5.922746658325195312e-01 7.252747416496276855e-01
5.922746658325195312e-01 6.923077106475830078e-01
5.922746658325195312e-01 9.065933823585510254e-01
5.922746658325195312e-01 9.560439586639404297e-01
5.965664982795715332e-01 6.703296899795532227e-01
5.965664982795715332e-01 7.252747416496276855e-01
5.965664982795715332e-01 4.890109896659851074e-01
5.965664982795715332e-01 9.560439586639404297e-01
6.008583903312683105e-01 4.945054948329925537e-01
6.008583903312683105e-01 9.395604133605957031e-01
6.008583903312683105e-01 4.835164844989776611e-01
6.008583903312683105e-01 7.637362480163574219e-01
6.008583903312683105e-01 1.043956056237220764e-01
6.008583903312683105e-01 8.901098966598510742e-01
6.008583903312683105e-01 1.098901107907295227e-01
6.008583903312683105e-01 9.285714030265808105e-01
6.008583903312683105e-01 1.153846159577369690e-01
6.008583903312683105e-01 9.175823926925659180e-01
6.008583903312683105e-01 7.692307978868484497e-02
6.051502227783203125e-01 7.637362480163574219e-01
6.051502227783203125e-01 7.362637519836425781e-01
6.051502227783203125e-01 8.791208863258361816e-01
6.051502227783203125e-01 7.747252583503723145e-01
6.051502227783203125e-01 1.208791211247444153e-01
6.051502227783203125e-01 5.109890103340148926e-01
6.051502227783203125e-01 6.978021860122680664e-01
6.051502227783203125e-01 1.318681389093399048e-01
6.051502227783203125e-01 6.868131756782531738e-01
6.051502227783203125e-01 4.175824224948883057e-01
6.051502227783203125e-01 9.065933823585510254e-01
6.051502227783203125e-01 8.736263513565063477e-01
6.094420552253723145e-01 9.395604133605957031e-01
6.094420552253723145e-01 6.703296899795532227e-01
6.094420552253723145e-01 1.153846159577369690e-01
6.094420552253723145e-01 9.450549483299255371e-01
6.094420552253723145e-01 7.362637519836425781e-01
6.094420552253723145e-01 7.032967209815979004e-01
6.094420552253723145e-01 1.318681389093399048e-01
6.094420552253723145e-01 9.285714030265808105e-01
6.094420552253723145e-01 9.065933823585510254e-01
6.137338876724243164e-01 1.098901107907295227e-01
6.137338876724243164e-01 4.395604506134986877e-02
6.137338876724243164e-01 4.010989069938659668e-01
6.137338876724243164e-01 6.538461446762084961e-01
6.137338876724243164e-01 8.956043720245361328e-01
6.137338876724243164e-01 4.725274741649627686e-01
6.137338876724243164e-01 6.868131756782531738e-01
6.137338876724243164e-01 7.527472376823425293e-01
6.137338876724243164e-01 9.890110045671463013e-02
6.137338876724243164e-01 7.692307978868484497e-02
6.180257797241210938e-01 9.285714030265808105e-01
6.180257797241210938e-01 7.087911963462829590e-01
6.180257797241210938e-01 1.208791211247444153e-01
6.180257797241210938e-01 9.725274443626403809e-01
6.180257797241210938e-01 7.747252583503723145e-01
6.180257797241210938e-01 6.593406796455383301e-01
6.180257797241210938e-01 9.450549483299255371e-01
6.180257797241210938e-01 7.307692170143127441e-01
6.180257797241210938e-01 1.153846159577369690e-01
6.180257797241210938e-01 1.318681389093399048e-01
6.180257797241210938e-01 4.945054948329925537e-01
6.180257797241210938e-01 9.175823926925659180e-01
6.223176121711730957e-01 7.472527623176574707e-01
6.223176121711730957e-01 9.890109896659851074e-01
6.223176121711730957e-01 1.373626440763473511e-01
6.266094446182250977e-01 1.098901107907295227e-01
6.266094446182250977e-01 7.142857313156127930e-01
6.266094446182250977e-01 6.813187003135681152e-01
6.266094446182250977e-01 3.956044018268585205e-01
6.309012770652770996e-01 7.307692170143127441e-01
6.309012770652770996e-01 1.098901107907295227e-01
6.309012770652770996e-01 9.450549483299255371e-01
6.309012770652770996e-01 9.175823926925659180e-01
6.309012770652770996e-01 1.153846159577369690e-01
6.351931095123291016e-01 8.791208863258361816e-01
6.351931095123291016e-01 9.120879173278808594e-01
6.351931095123291016e-01 8.901098966598510742e-01
6.351931095123291016e-01 7.307692170143127441e-01
6.394850015640258789e-01 1.153846159577369690e-01
6.394850015640258789e-01 9.230769276618957520e-01
6.394850015640258789e-01 9.890110045671463013e-02
6.394850015640258789e-01 9.340659379959106445e-01
6.437768340110778809e-01 9.395604133605957031e-01
6.480686664581298828e-01 9.615384340286254883e-01
6.480686664581298828e-01 1.153846159577369690e-01
6.480686664581298828e-01 1.043956056237220764e-01
6.480686664581298828e-01 8.791209012269973755e-02
6.523604989051818848e-01 7.252747416496276855e-01
6.523604989051818848e-01 9.450549483299255371e-01
6.523604989051818848e-01 1.593406647443771362e-01
6.523604989051818848e-01 1.098901107907295227e-01
6.566523313522338867e-01 8.241758495569229126e-02
6.566523313522338867e-01 1.373626440763473511e-01
6.566523313522338867e-01 9.285714030265808105e-01
6.566523313522338867e-01 1.318681389093399048e-01
6.566523313522338867e-01 9.340659379959106445e-01
6.566523313522338867e-01 5.494505539536476135e-02
6.566523313522338867e-01 9.890110045671463013e-02
6.566523313522338867e-01 9.505494236946105957e-01
6.609442234039306641e-01 9.395604133605957031e-01
6.609442234039306641e-01 5.494505539536476135e-02
6.609442234039306641e-01 9.230769276618957520e-01
6.652360558509826660e-01 9.450549483299255371e-01
6.652360558509826660e-01 1.153846159577369690e-01
6.695278882980346680e-01 9.340659379959106445e-01
6.695278882980346680e-01 1.098901107907295227e-01
6.695278882980346680e-01 9.395604133605957031e-01
6.695278882980346680e-01 9.340659528970718384e-02
6.695278882980346680e-01 9.010989069938659668e-01
6.695278882980346680e-01 1.538461595773696899e-01
6.695278882980346680e-01 1.043956056237220764e-01
6.738197207450866699e-01 9.505494236946105957e-01
6.738197207450866699e-01 1.263736337423324585e-01
6.738197207450866699e-01 9.340659379959106445e-01
6.781116127967834473e-01 9.890110045671463013e-02
6.781116127967834473e-01 9.010989069938659668e-01
6.781116127967834473e-01 9.340659379959106445e-01
6.781116127967834473e-01 1.153846159577369690e-01
6.781116127967834473e-01 1.098901107907295227e-01
6.781116127967834473e-01 9.230769276618957520e-01
6.781116127967834473e-01 1.373626440763473511e-01
6.781116127967834473e-01 9.560439586639404297e-01
6.824034452438354492e-01 9.395604133605957031e-01
6.824034452438354492e-01 9.340659528970718384e-02
6.824034452438354492e-01 9.065933823585510254e-01
6.824034452438354492e-01 9.670329689979553223e-01
6.824034452438354492e-01 9.615384340286254883e-01
6.824034452438354492e-01 1.318681389093399048e-01
6.866952776908874512e-01 1.703296750783920288e-01
6.866952776908874512e-01 1.043956056237220764e-01
6.866952776908874512e-01 8.791208863258361816e-01
6.909871101379394531e-01 1.263736337423324585e-01
6.909871101379394531e-01 1.373626440763473511e-01
6.909871101379394531e-01 1.428571492433547974e-01
6.909871101379394531e-01 9.230769276618957520e-01
6.909871101379394531e-01 1.483516544103622437e-01
6.952789425849914551e-01 1.263736337423324585e-01
6.952789425849914551e-01 9.340659528970718384e-02
6.952789425849914551e-01 1.043956056237220764e-01
6.952789425849914551e-01 1.098901107907295227e-01
6.995708346366882324e-01 9.395604133605957031e-01
6.995708346366882324e-01 8.791209012269973755e-02
6.995708346366882324e-01 9.120879173278808594e-01
6.995708346366882324e-01 9.230769276618957520e-01
6.995708346366882324e-01 1.428571492433547974e-01
6.995708346366882324e-01 1.208791211247444153e-01
7.038626670837402344e-01 9.615384340286254883e-01
7.038626670837402344e-01 1.098901107907295227e-01
7.038626670837402344e-01 9.120879173278808594e-01
7.038626670837402344e-01 9.010989069938659668e-01
7.081544995307922363e-01 9.285714030265808105e-01
7.081544995307922363e-01 9.065933823585510254e-01
7.081544995307922363e-01 1.208791211247444153e-01
7.081544995307922363e-01 9.560439586639404297e-01
7.081544995307922363e-01 1.428571492433547974e-01
7.081544995307922363e-01 4.945055022835731506e-02
7.081544995307922363e-01 9.340659528970718384e-02
7.124463319778442383e-01 6.428571343421936035e-01
7.124463319778442383e-01 1.043956056237220764e-01
7.124463319778442383e-01 1.153846159577369690e-01
7.124463319778442383e-01 9.340659528970718384e-02
7.167382240295410156e-01 9.175823926925659180e-01
7.167382240295410156e-01 9.065933823585510254e-01
7.167382240295410156e-01 1.208791211247444153e-01
7.210300564765930176e-01 1.153846159577369690e-01
7.210300564765930176e-01 5.219780206680297852e-01
7.210300564765930176e-01 8.791209012269973755e-02
7.253218889236450195e-01 1.153846159577369690e-01
7.253218889236450195e-01 6.043956056237220764e-02
7.253218889236450195e-01 7.142857462167739868e-02
7.253218889236450195e-01 4.945054948329925537e-01
7.253218889236450195e-01 6.538461446762084961e-01
7.296137213706970215e-01 8.901098966598510742e-01
7.296137213706970215e-01 9.285714030265808105e-01
7.296137213706970215e-01 9.340659379959106445e-01
7.296137213706970215e-01 9.395604133605957031e-01
7.339055538177490234e-01 1.153846159577369690e-01
7.339055538177490234e-01 9.560439586639404297e-01
7.339055538177490234e-01 9.505494236946105957e-01
7.339055538177490234e-01 5.879120826721191406e-01
7.339055538177490234e-01 9.395604133605957031e-01
7.339055538177490234e-01 7.692307978868484497e-02
7.339055538177490234e-01 9.890110045671463013e-02
7.339055538177490234e-01 3.901098966598510742e-01
7.339055538177490234e-01 1.043956056237220764e-01
7.381974458694458008e-01 9.505494236946105957e-01
7.381974458694458008e-01 1.373626440763473511e-01
7.381974458694458008e-01 4.175824224948883057e-01
7.424892783164978027e-01 4.615384638309478760e-01
7.424892783164978027e-01 7.142857462167739868e-02
7.424892783164978027e-01 7.582417726516723633e-01
7.424892783164978027e-01 9.890110045671463013e-02
7.424892783164978027e-01 6.043956056237220764e-02
7.424892783164978027e-01 3.516483604907989502e-01
7.424892783164978027e-01 1.153846159577369690e-01
7.424892783164978027e-01 5.714285969734191895e-01
7.424892783164978027e-01 9.120879173278808594e-01
7.424892783164978027e-01 6.318681240081787109e-01
7.424892783164978027e-01 9.340659379959106445e-01
7.424892783164978027e-01 1.318681389093399048e-01
7.467811107635498047e-01 6.868131756782531738e-01
7.467811107635498047e-01 1.373626440763473511e-01
7.467811107635498047e-01 9.890110045671463013e-02
7.467811107635498047e-01 9.395604133605957031e-01
7.467811107635498047e-01 9.450549483299255371e-01
7.467811107635498047e-01 6.428571343421936035e-01
7.467811107635498047e-01 8.791209012269973755e-02
7.467811107635498047e-01 9.560439586639404297e-01
7.467811107635498047e-01 7.142857462167739868e-02
7.467811107635498047e-01 9.615384340286254883e-01
7.467811107635498047e-01 5.054945349693298340e-01
7.467811107635498047e-01 4.285714328289031982e-01
7.467811107635498047e-01 1.153846159577369690e-01
7.510729432106018066e-01 3.791208863258361816e-01
7.510729432106018066e-01 9.780219793319702148e-01
7.510729432106018066e-01 1.153846159577369690e-01
7.510729432106018066e-01 9.340659528970718384e-02
7.510729432106018066e-01 1.428571492433547974e-01
7.510729432106018066e-01 8.791208863258361816e-01
7.510729432106018066e-01 2.857142984867095947e-01
7.510729432106018066e-01 5.549450516700744629e-01
7.510729432106018066e-01 5.164835453033447266e-01
7.510729432106018066e-01 6.318681240081787109e-01
7.510729432106018066e-01 9.175823926925659180e-01
7.510729432106018066e-01 4.395604431629180908e-01
7.510729432106018066e-01 9.395604133605957031e-01
7.510729432106018066e-01 5.109890103340148926e-01
7.510729432106018066e-01 3.461538553237915039e-01
7.553648352622985840e-01 8.846153616905212402e-01
7.553648352622985840e-01 8.956043720245361328e-01
7.553648352622985840e-01 4.835164844989776611e-01
7.553648352622985840e-01 4.670329689979553223e-01
7.553648352622985840e-01 1.043956056237220764e-01
7.553648352622985840e-01 1.098901107907295227e-01
7.553648352622985840e-01 6.208791136741638184e-01
7.553648352622985840e-01 6.758241653442382812e-01
7.553648352622985840e-01 6.153846383094787598e-01
7.553648352622985840e-01 2.637362778186798096e-01
7.553648352622985840e-01 9.230769276618957520e-01
7.553648352622985840e-01 7.032967209815979004e-01
7.553648352622985840e-01 1.000000000000000000e+00
7.596566677093505859e-01 2.912088036537170410e-01
7.596566677093505859e-01 4.010989069938659668e-01
7.596566677093505859e-01 2.967033088207244873e-01
7.596566677093505859e-01 4.175824224948883057e-01
7.596566677093505859e-01 1.373626440763473511e-01
7.596566677093505859e-01 2.747252881526947021e-01
7.596566677093505859e-01 9.450549483299255371e-01
7.596566677093505859e-01 7.692307978868484497e-02
7.596566677093505859e-01 9.890110045671463013e-02
7.596566677093505859e-01 7.912088036537170410e-01
7.596566677093505859e-01 5.824176073074340820e-01
7.596566677093505859e-01 2.582417726516723633e-01
7.596566677093505859e-01 4.615384638309478760e-01
7.596566677093505859e-01 3.461538553237915039e-01
7.596566677093505859e-01 6.208791136741638184e-01
7.596566677093505859e-01 3.131868243217468262e-01
7.596566677093505859e-01 3.956044018268585205e-01
7.596566677093505859e-01 3.296703398227691650e-01
7.596566677093505859e-01 8.461538553237915039e-01
7.639485001564025879e-01 6.483516693115234375e-01
7.639485001564025879e-01 6.263736486434936523e-01
7.639485001564025879e-01 4.395604431629180908e-01
7.639485001564025879e-01 8.791208863258361816e-01
7.639485001564025879e-01 7.857142686843872070e-01
7.639485001564025879e-01 3.791208863258361816e-01
7.639485001564025879e-01 4.780219793319702148e-01
7.639485001564025879e-01 7.692307978868484497e-02
7.639485001564025879e-01 4.615384638309478760e-01
7.639485001564025879e-01 4.670329689979553223e-01
7.639485001564025879e-01 3.901098966598510742e-01
7.639485001564025879e-01 6.868131756782531738e-01
7.639485001564025879e-01 6.043956279754638672e-01
7.639485001564025879e-01 9.175823926925659180e-01
7.639485001564025879e-01 2.582417726516723633e-01
7.682403326034545898e-01 6.208791136741638184e-01
7.682403326034545898e-01 5.659340620040893555e-01
7.682403326034545898e-01 9.560439586639404297e-01
7.682403326034545898e-01 4.945054948329925537e-01
7.682403326034545898e-01 8.241758495569229126e-02
7.682403326034545898e-01 3.846153914928436279e-01
7.682403326034545898e-01 7.637362480163574219e-01
7.682403326034545898e-01 8.461538553237915039e-01
7.682403326034545898e-01 4.835164844989776611e-01
7.682403326034545898e-01 5.879120826721191406e-01
7.682403326034545898e-01 8.076922893524169922e-01
7.682403326034545898e-01 6.868131756782531738e-01
7.682403326034545898e-01 4.670329689979553223e-01
7.682403326034545898e-01 8.901098966598510742e-01
7.682403326034545898e-01 5.164835453033447266e-01
7.682403326034545898e-01 6.538461446762084961e-01
7.682403326034545898e-01 5.329670310020446777e-01
7.682403326034545898e-01 6.043956279754638672e-01
7.682403326034545898e-01 9.010989069938659668e-01
7.682403326034545898e-01 9.230769276618957520e-01
7.725321650505065918e-01 3.571428656578063965e-01
7.725321650505065918e-01 9.340659379959106445e-01
7.725321650505065918e-01 6.373626589775085449e-01
7.725321650505065918e-01 1.318681389093399048e-01
7.725321650505065918e-01 4.120879173278808594e-01
7.725321650505065918e-01 6.098901033401489258e-01
7.725321650505065918e-01 4.890109896659851074e-01
7.725321650505065918e-01 6.208791136741638184e-01
7.725321650505065918e-01 8.901098966598510742e-01
7.725321650505065918e-01 5.384615659713745117e-01
7.725321650505065918e-01 5.604395866394042969e-01
7.725321650505065918e-01 4.780219793319702148e-01
7.725321650505065918e-01 4.670329689979553223e-01
7.725321650505065918e-01 1.043956056237220764e-01
7.725321650505065918e-01 6.923077106475830078e-01
7.725321650505065918e-01 5.000000000000000000e-01
7.725321650505065918e-01 5.769230723381042480e-01
7.725321650505065918e-01 9.285714030265808105e-01
7.725321650505065918e-01 4.945054948329925537e-01
7.725321650505065918e-01 5.989010930061340332e-01
7.725321650505065918e-01 9.560439586639404297e-01
7.725321650505065918e-01 1.153846159577369690e-01
7.725321650505065918e-01 9.505494236946105957e-01
7.725321650505065918e-01 2.802197933197021484e-01
7.725321650505065918e-01 7.472527623176574707e-01
7.725321650505065918e-01 3.516483604907989502e-01
7.768240571022033691e-01 7.362637519836425781e-01
7.768240571022033691e-01 8.296703100204467773e-01
7.768240571022033691e-01 7.032967209815979004e-01
7.768240571022033691e-01 6.813187003135681152e-01
7.768240571022033691e-01 9.890110045671463013e-02
7.768240571022033691e-01 5.659340620040893555e-01
7.768240571022033691e-01 8.516483306884765625e-01
7.768240571022033691e-01 3.791208863258361816e-01
7.768240571022033691e-01 6.758241653442382812e-01
7.768240571022033691e-01 8.571428656578063965e-01
7.768240571022033691e-01 8.681318759918212891e-01
7.768240571022033691e-01 9.175823926925659180e-01
7.768240571022033691e-01 5.549450516700744629e-01
7.768240571022033691e-01 7.087911963462829590e-01
7.768240571022033691e-01 1.373626440763473511e-01
7.768240571022033691e-01 7.307692170143127441e-01
7.768240571022033691e-01 5.000000000000000000e-01
7.768240571022033691e-01 4.450549483299255371e-01
7.768240571022033691e-01 6.538461446762084961e-01
7.768240571022033691e-01 4.065934121608734131e-01
7.768240571022033691e-01 7.747252583503723145e-01
7.768240571022033691e-01 6.428571343421936035e-01
7.768240571022033691e-01 8.241758346557617188e-01
7.768240571022033691e-01 6.153846383094787598e-01
7.811158895492553711e-01 9.340659528970718384e-02
7.811158895492553711e-01 8.131868243217468262e-01
7.811158895492553711e-01 6.593406796455383301e-01
7.811158895492553711e-01 6.813187003135681152e-01
7.811158895492553711e-01 5.769230723381042480e-01
7.811158895492553711e-01 3.901098966598510742e-01
7.811158895492553711e-01 9.615384340286254883e-01
7.811158895492553711e-01 3.021978139877319336e-01
7.811158895492553711e-01 5.714285969734191895e-01
7.811158895492553711e-01 2.912088036537170410e-01
7.811158895492553711e-01 4.395604506134986877e-02
7.811158895492553711e-01 4.340659379959106445e-01
7.811158895492553711e-01 8.901098966598510742e-01
7.811158895492553711e-01 1.043956056237220764e-01
7.854077219963073730e-01 8.571428656578063965e-01
7.854077219963073730e-01 7.362637519836425781e-01
7.854077219963073730e-01 9.890110045671463013e-02
7.854077219963073730e-01 7.472527623176574707e-01
7.854077219963073730e-01 2.857142984867095947e-01
7.854077219963073730e-01 6.868131756782531738e-01
7.854077219963073730e-01 7.087911963462829590e-01
7.854077219963073730e-01 2.912088036537170410e-01
7.854077219963073730e-01 5.329670310020446777e-01
7.854077219963073730e-01 4.395604431629180908e-01
7.854077219963073730e-01 8.956043720245361328e-01
7.854077219963073730e-01 5.714285969734191895e-01
7.854077219963073730e-01 1.428571492433547974e-01
7.854077219963073730e-01 8.406593203544616699e-01
7.854077219963073730e-01 7.967032790184020996e-01
7.854077219963073730e-01 8.186812996864318848e-01
7.854077219963073730e-01 5.109890103340148926e-01
7.896995544433593750e-01 3.626373708248138428e-01
7.896995544433593750e-01 7.527472376823425293e-01
7.896995544433593750e-01 1.153846159577369690e-01
7.896995544433593750e-01 1.043956056237220764e-01
7.896995544433593750e-01 8.406593203544616699e-01
7.896995544433593750e-01 5.824176073074340820e-01
7.896995544433593750e-01 8.791209012269973755e-02
7.896995544433593750e-01 8.296703100204467773e-01
7.896995544433593750e-01 8.681318759918212891e-01
7.896995544433593750e-01 3.516483604907989502e-01
7.896995544433593750e-01 5.494505763053894043e-01
7.896995544433593750e-01 4.340659379959106445e-01
7.896995544433593750e-01 8.461538553237915039e-01
7.896995544433593750e-01 9.890110045671463013e-02
7.896995544433593750e-01 4.945055022835731506e-02
7.896995544433593750e-01 8.241758346557617188e-01
7.896995544433593750e-01 6.208791136741638184e-01
7.896995544433593750e-01 4.175824224948883057e-01
7.896995544433593750e-01 4.670329689979553223e-01
7.896995544433593750e-01 5.714285969734191895e-01
7.896995544433593750e-01 7.692307829856872559e-01
7.896995544433593750e-01 8.516483306884765625e-01
7.896995544433593750e-01 4.505494534969329834e-01
7.896995544433593750e-01 6.813187003135681152e-01
7.939913868904113770e-01 5.989010930061340332e-01
7.939913868904113770e-01 5.879120826721191406e-01
7.939913868904113770e-01 7.142857313156127930e-01
7.939913868904113770e-01 5.659340620040893555e-01
7.939913868904113770e-01 7.417582273483276367e-01
7.939913868904113770e-01 9.340659528970718384e-02
7.939913868904113770e-01 7.692307829856872559e-01
7.939913868904113770e-01 3.846153989434242249e-02
7.939913868904113770e-01 5.274725556373596191e-01
7.939913868904113770e-01 8.956043720245361328e-01
7.939913868904113770e-01 8.791208863258361816e-01
7.939913868904113770e-01 5.549450516700744629e-01
7.939913868904113770e-01 6.208791136741638184e-01
7.939913868904113770e-01 9.065933823585510254e-01
7.939913868904113770e-01 6.373626589775085449e-01
7.939913868904113770e-01 4.175824224948883057e-01
7.939913868904113770e-01 6.263736486434936523e-01
7.939913868904113770e-01 7.912088036537170410e-01
7.939913868904113770e-01 7.087911963462829590e-01
7.982832789421081543e-01 9.340659379959106445e-01
7.982832789421081543e-01 1.043956056237220764e-01
7.982832789421081543e-01 6.538461446762084961e-01
7.982832789421081543e-01 3.956044018268585205e-01
7.982832789421081543e-01 4.065934121608734131e-01
7.982832789421081543e-01 7.142857462167739868e-02
7.982832789421081543e-01 4.670329689979553223e-01
7.982832789421081543e-01 3.846153989434242249e-02
7.982832789421081543e-01 9.065933823585510254e-01
7.982832789421081543e-01 6.318681240081787109e-01
7.982832789421081543e-01 8.791208863258361816e-01
7.982832789421081543e-01 1.153846159577369690e-01
7.982832789421081543e-01 6.978021860122680664e-01
7.982832789421081543e-01 7.197802066802978516e-01
8.025751113891601562e-01 8.846153616905212402e-01
8.025751113891601562e-01 8.791209012269973755e-02
8.025751113891601562e-01 8.021978139877319336e-01
8.025751113891601562e-01 4.945054948329925537e-01
8.025751113891601562e-01 7.142857462167739868e-02
8.025751113891601562e-01 6.098901033401489258e-01
8.025751113891601562e-01 8.791208863258361816e-01
8.025751113891601562e-01 6.263736486434936523e-01
8.025751113891601562e-01 9.340659379959106445e-01
8.025751113891601562e-01 9.505494236946105957e-01
8.025751113891601562e-01 8.131868243217468262e-01
8.068669438362121582e-01 4.285714328289031982e-01
8.068669438362121582e-01 9.615384340286254883e-01
8.068669438362121582e-01 8.406593203544616699e-01
8.068669438362121582e-01 8.241758495569229126e-02
8.068669438362121582e-01 1.153846159577369690e-01
8.068669438362121582e-01 7.802197933197021484e-01
8.111587762832641602e-01 9.175823926925659180e-01
8.111587762832641602e-01 5.384615659713745117e-01
8.111587762832641602e-01 7.197802066802978516e-01
8.111587762832641602e-01 8.571428656578063965e-01
8.111587762832641602e-01 8.021978139877319336e-01
8.154506683349609375e-01 8.351648449897766113e-01
8.154506683349609375e-01 7.692307978868484497e-02
8.154506683349609375e-01 7.967032790184020996e-01
8.154506683349609375e-01 1.208791211247444153e-01
8.154506683349609375e-01 8.461538553237915039e-01
8.154506683349609375e-01 1.263736337423324585e-01
8.154506683349609375e-01 2.197802253067493439e-02
8.154506683349609375e-01 8.681318759918212891e-01
8.197425007820129395e-01 8.901098966598510742e-01
8.240343332290649414e-01 7.087911963462829590e-01
8.240343332290649414e-01 9.340659528970718384e-02
8.240343332290649414e-01 1.263736337423324585e-01
8.240343332290649414e-01 1.043956056237220764e-01
8.240343332290649414e-01 8.241758346557617188e-01
8.283261656761169434e-01 1.153846159577369690e-01
8.283261656761169434e-01 1.263736337423324585e-01
8.283261656761169434e-01 1.098901107907295227e-01
8.283261656761169434e-01 7.142857462167739868e-02
8.326179981231689453e-01 4.395604506134986877e-02
8.326179981231689453e-01 1.208791211247444153e-01
8.326179981231689453e-01 8.791209012269973755e-02
8.326179981231689453e-01 8.241758495569229126e-02
8.369098901748657227e-01 9.340659528970718384e-02
8.369098901748657227e-01 5.659340620040893555e-01
8.412017226219177246e-01 1.483516544103622437e-01
8.412017226219177246e-01 9.890110045671463013e-02
8.454935550689697266e-01 1.373626440763473511e-01
8.454935550689697266e-01 9.890110045671463013e-02
8.540772795677185059e-01 1.098901107907295227e-01
8.626609444618225098e-01 7.692307978868484497e-02
8.626609444618225098e-01 1.153846159577369690e-01
8.669527769088745117e-01 8.241758495569229126e-02
8.669527769088745117e-01 7.692307978868484497e-02
8.669527769088745117e-01 1.043956056237220764e-01
8.755365014076232910e-01 8.241758495569229126e-02
8.798283338546752930e-01 1.648351699113845825e-01
8.798283338546752930e-01 9.890110045671463013e-02
8.841201663017272949e-01 1.373626440763473511e-01
8.841201663017272949e-01 8.791209012269973755e-02
8.884119987487792969e-01 9.340659528970718384e-02
8.927038908004760742e-01 1.043956056237220764e-01
8.927038908004760742e-01 1.208791211247444153e-01
8.969957232475280762e-01 9.340659528970718384e-02
9.012875556945800781e-01 1.318681389093399048e-01
9.012875556945800781e-01 1.098901107907295227e-01
9.055793881416320801e-01 1.043956056237220764e-01
9.098712205886840820e-01 1.208791211247444153e-01
9.098712205886840820e-01 3.296703472733497620e-02
9.227467775344848633e-01 9.340659528970718384e-02
9.270386099815368652e-01 1.648351699113845825e-01
9.270386099815368652e-01 1.208791211247444153e-01
9.313304424285888672e-01 1.098901107907295227e-01
9.356223344802856445e-01 1.208791211247444153e-01
9.356223344802856445e-01 7.142857462167739868e-02
9.399141669273376465e-01 9.340659528970718384e-02
9.399141669273376465e-01 1.153846159577369690e-01
9.442059993743896484e-01 1.318681389093399048e-01
9.442059993743896484e-01 1.153846159577369690e-01
9.442059993743896484e-01 9.890110045671463013e-02
9.527897238731384277e-01 1.208791211247444153e-01
9.570815563201904297e-01 1.153846159577369690e-01
9.613733887672424316e-01 1.098901107907295227e-01
9.656652212142944336e-01 1.373626440763473511e-01
9.656652212142944336e-01 9.890110045671463013e-02
9.699570536613464355e-01 1.373626440763473511e-01
9.699570536613464355e-01 9.340659528970718384e-02
9.785407781600952148e-01 7.692307978868484497e-02
9.785407781600952148e-01 1.153846159577369690e-01
9.871244430541992188e-01 1.263736337423324585e-01
9.914163351058959961e-01 1.483516544103622437e-01
9.914163351058959961e-01 1.098901107907295227e-01
1.000000000000000000e+00 1.263736337423324585e-01
1.000000000000000000e+00 1.483516544103622437e-01
