7.814113497734069824e-01 4.722512960433959961e-01
7.280550599098205566e-01 5.602094531059265137e-01
7.762478590011596680e-01 5.005235671997070312e-01
7.349397540092468262e-01 5.476439595222473145e-01
8.691910505294799805e-01 5.392670035362243652e-01
6.833046674728393555e-01 4.910994768142700195e-01
8.468158245086669922e-01 4.753926694393157959e-01
7.814113497734069824e-01 5.246073007583618164e-01
7.418244481086730957e-01 4.691099524497985840e-01
7.056798338890075684e-01 5.068062543869018555e-01
5.370051860809326172e-01 5.109947919845581055e-01
6.506024003028869629e-01 5.246073007583618164e-01
6.523236036300659180e-01 4.753926694393157959e-01
6.729776263236999512e-01 5.664921402931213379e-01
7.555937767028808594e-01 6.261780261993408203e-01
7.349397540092468262e-01 5.968586206436157227e-01
6.540447473526000977e-01 5.329843163490295410e-01
7.194492220878601074e-01 4.691099524497985840e-01
6.729776263236999512e-01 5.916230082511901855e-01
8.554216623306274414e-01 5.099476575851440430e-01
8.468158245086669922e-01 5.518324375152587891e-01
7.383821010589599609e-01 4.513089060783386230e-01
7.745266556739807129e-01 5.518324375152587891e-01
8.313252925872802734e-01 4.324607253074645996e-01
5.542168617248535156e-01 5.539267063140869141e-01
5.318416357040405273e-01 5.539267063140869141e-01
7.418244481086730957e-01 4.596858620643615723e-01
9.053356051445007324e-01 5.664921402931213379e-01
7.280550599098205566e-01 5.842931866645812988e-01
6.402753591537475586e-01 4.408377110958099365e-01
8.846815824508666992e-01 5.382198691368103027e-01
6.110154986381530762e-01 5.486910939216613770e-01
7.607573270797729492e-01 6.104711890220642090e-01
5.094664096832275391e-01 5.120418667793273926e-01
8.812392354011535645e-01 4.607329964637756348e-01
7.314974069595336914e-01 6.167539358139038086e-01
6.678141355514526367e-01 5.047120451927185059e-01
9.690189361572265625e-01 5.445026159286499023e-01
7.142857313156127930e-01 5.675392746925354004e-01
6.419965624809265137e-01 5.089005231857299805e-01
7.211704254150390625e-01 6.293193697929382324e-01
8.037865757942199707e-01 6.020942330360412598e-01
7.521514892578125000e-01 6.178010702133178711e-01
7.074010372161865234e-01 5.047120451927185059e-01
7.160068750381469727e-01 5.539267063140869141e-01
6.506024003028869629e-01 4.848167598247528076e-01
8.519793748855590820e-01 5.581151843070983887e-01
7.194492220878601074e-01 5.780104994773864746e-01
7.762478590011596680e-01 5.078533887863159180e-01
7.194492220878601074e-01 4.240837693214416504e-01
7.762478590011596680e-01 5.015707015991210938e-01
7.005163431167602539e-01 5.047120451927185059e-01
7.469879388809204102e-01 6.335078477859497070e-01
7.383821010589599609e-01 4.659685790538787842e-01
6.110154986381530762e-01 5.026177763938903809e-01
8.209982514381408691e-01 4.408377110958099365e-01
7.056798338890075684e-01 5.497382283210754395e-01
7.263339161872863770e-01 5.706806182861328125e-01
7.246127128601074219e-01 5.078533887863159180e-01
7.969018816947937012e-01 5.267015695571899414e-01
8.416523337364196777e-01 5.225130915641784668e-01
7.641996741294860840e-01 5.015707015991210938e-01
7.521514892578125000e-01 4.460732936859130859e-01
8.106712698936462402e-01 5.413612723350524902e-01
8.468158245086669922e-01 4.743455350399017334e-01
6.523236036300659180e-01 4.596858620643615723e-01
6.144578456878662109e-01 5.340313911437988281e-01
7.401032447814941406e-01 4.785340428352355957e-01
6.488812565803527832e-01 4.041884839534759521e-01
5.576592087745666504e-01 5.769633650779724121e-01
8.020654320716857910e-01 5.403141379356384277e-01
6.609294414520263672e-01 5.120418667793273926e-01
7.246127128601074219e-01 5.308900475502014160e-01
7.555937767028808594e-01 4.188481569290161133e-01
6.850258111953735352e-01 5.780104994773864746e-01
8.915662765502929688e-01 5.005235671997070312e-01
7.504302859306335449e-01 4.031413495540618896e-01
8.468158245086669922e-01 4.439790546894073486e-01
9.156626462936401367e-01 4.774869084358215332e-01
7.228915691375732422e-01 4.565444886684417725e-01
7.848536968231201172e-01 5.916230082511901855e-01
7.934595346450805664e-01 4.513089060783386230e-01
8.037865757942199707e-01 4.408377110958099365e-01
7.814113497734069824e-01 5.570680499076843262e-01
6.368330717086791992e-01 5.821989774703979492e-01
8.416523337364196777e-01 5.528795719146728516e-01
7.779690027236938477e-01 5.591623187065124512e-01
6.230636835098266602e-01 5.455497503280639648e-01
7.383821010589599609e-01 6.167539358139038086e-01
8.623063564300537109e-01 5.623036623001098633e-01
8.244405984878540039e-01 4.795811474323272705e-01
6.196213364601135254e-01 5.026177763938903809e-01
8.777968883514404297e-01 3.937172889709472656e-01
6.746987700462341309e-01 5.047120451927185059e-01
7.022375464439392090e-01 5.047120451927185059e-01
6.919105052947998047e-01 5.267015695571899414e-01
6.712564826011657715e-01 5.392670035362243652e-01
7.607573270797729492e-01 4.429319500923156738e-01
1.000000000000000000e+00 4.900523424148559570e-01
6.574870944023132324e-01 5.748690962791442871e-01
5.180723071098327637e-01 5.539267063140869141e-01
8.141136169433593750e-01 4.607329964637756348e-01
5.765920877456665039e-01 5.769633650779724121e-01
9.122202992439270020e-01 6.115183234214782715e-01
7.366609573364257812e-01 5.078533887863159180e-01
8.261618018150329590e-01 4.502617716789245605e-01
9.191049933433532715e-01 5.120418667793273926e-01
7.590361237525939941e-01 4.513089060783386230e-01
8.158347606658935547e-01 6.408376693725585938e-01
8.760757446289062500e-01 5.717277526855468750e-01
7.624784708023071289e-01 5.141361355781555176e-01
9.156626462936401367e-01 5.769633650779724121e-01
7.091221809387207031e-01 5.539267063140869141e-01
7.108433842658996582e-01 5.434554815292358398e-01
6.075731515884399414e-01 6.209424138069152832e-01
6.678141355514526367e-01 5.465968847274780273e-01
7.005163431167602539e-01 5.225130915641784668e-01
7.349397540092468262e-01 5.581151843070983887e-01
9.191049933433532715e-01 5.026177763938903809e-01
7.435455918312072754e-01 6.240837574005126953e-01
7.418244481086730957e-01 5.403141379356384277e-01
8.984509706497192383e-01 5.518324375152587891e-01
7.538726329803466797e-01 4.052355885505676270e-01
7.056798338890075684e-01 4.890052378177642822e-01
6.247848272323608398e-01 5.151832699775695801e-01
5.783132314682006836e-01 5.151832699775695801e-01
6.006884574890136719e-01 5.172774791717529297e-01
7.401032447814941406e-01 5.361256599426269531e-01
7.435455918312072754e-01 5.539267063140869141e-01
6.626505851745605469e-01 4.429319500923156738e-01
7.142857313156127930e-01 4.973821938037872314e-01
7.796902060508728027e-01 5.476439595222473145e-01
8.502581715583801270e-01 6.492146849632263184e-01
8.261618018150329590e-01 4.732984304428100586e-01
6.557658910751342773e-01 5.214659571647644043e-01
7.934595346450805664e-01 6.041885018348693848e-01
9.294320344924926758e-01 5.476439595222473145e-01
9.036144614219665527e-01 5.874345302581787109e-01
7.297762632369995117e-01 5.874345302581787109e-01
8.777968883514404297e-01 6.146596670150756836e-01
6.230636835098266602e-01 5.089005231857299805e-01
6.574870944023132324e-01 5.319371819496154785e-01
7.745266556739807129e-01 4.764398038387298584e-01
9.862306118011474609e-01 4.387434422969818115e-01
8.812392354011535645e-01 5.821989774703979492e-01
6.953528523445129395e-01 4.617801010608673096e-01
7.435455918312072754e-01 6.020942330360412598e-01
9.586918950080871582e-01 5.518324375152587891e-01
7.349397540092468262e-01 5.109947919845581055e-01
6.230636835098266602e-01 4.732984304428100586e-01
6.643717885017395020e-01 4.586387574672698975e-01
7.728055119514465332e-01 4.324607253074645996e-01
7.383821010589599609e-01 4.753926694393157959e-01
7.641996741294860840e-01 5.445026159286499023e-01
6.867470145225524902e-01 5.434554815292358398e-01
7.022375464439392090e-01 6.020942330360412598e-01
7.332186102867126465e-01 6.020942330360412598e-01
7.882960438728332520e-01 5.424084067344665527e-01
6.092942953109741211e-01 4.743455350399017334e-01
7.418244481086730957e-01 5.821989774703979492e-01
7.934595346450805664e-01 5.308900475502014160e-01
8.537005186080932617e-01 5.130890011787414551e-01
7.142857313156127930e-01 5.549738407135009766e-01
6.213425397872924805e-01 6.041885018348693848e-01
9.380378723144531250e-01 5.109947919845581055e-01
9.139415025711059570e-01 6.732984185218811035e-01
7.573149800300598145e-01 4.251309037208557129e-01
6.333907246589660645e-01 6.178010702133178711e-01
8.313252925872802734e-01 5.717277526855468750e-01
7.728055119514465332e-01 5.654450058937072754e-01
8.709121942520141602e-01 4.806282818317413330e-01
7.366609573364257812e-01 4.356020987033843994e-01
8.089500665664672852e-01 6.408376693725585938e-01
7.951807379722595215e-01 5.403141379356384277e-01
7.142857313156127930e-01 4.198952913284301758e-01
6.488812565803527832e-01 4.492146670818328857e-01
7.056798338890075684e-01 5.455497503280639648e-01
6.919105052947998047e-01 4.607329964637756348e-01
7.900171875953674316e-01 4.869109988212585449e-01
6.746987700462341309e-01 4.701570570468902588e-01
7.693631649017333984e-01 4.376963376998901367e-01
7.796902060508728027e-01 5.340313911437988281e-01
8.812392354011535645e-01 6.575916409492492676e-01
9.776247739791870117e-01 4.785340428352355957e-01
6.161789894104003906e-01 5.413612723350524902e-01
6.299483776092529297e-01 4.900523424148559570e-01
6.006884574890136719e-01 6.670157313346862793e-01
6.833046674728393555e-01 5.989528894424438477e-01
7.504302859306335449e-01 6.848167777061462402e-01
6.523236036300659180e-01 4.125654399394989014e-01
1.893287450075149536e-01 3.884816765785217285e-01
1.996557712554931641e-01 4.094240963459014893e-01
1.325301229953765869e-01 2.261780053377151489e-01
3.356282413005828857e-01 2.879581153392791748e-01
3.493975996971130371e-01 1.225130856037139893e-01
4.234079122543334961e-01 3.905759155750274658e-01
9.294319897890090942e-02 3.591623008251190186e-01
4.302926063537597656e-01 3.445026278495788574e-01
2.117039561271667480e-01 2.764397859573364258e-01
3.407917320728302002e-01 2.240837663412094116e-01
3.958692029118537903e-02 3.078534007072448730e-01
3.786574900150299072e-01 3.759162425994873047e-01
3.476764261722564697e-01 2.586387395858764648e-01
3.287435472011566162e-01 2.356020957231521606e-01
2.891566157341003418e-01 2.387434542179107666e-01
2.289156615734100342e-01 6.073298305273056030e-02
4.027538597583770752e-01 2.188481688499450684e-01
2.030981034040451050e-01 3.026177883148193359e-01
3.356282413005828857e-01 2.408376932144165039e-01
3.218588531017303467e-01 2.219895273447036743e-01
2.633390724658966064e-01 2.534031271934509277e-01
2.444061934947967529e-01 4.743455350399017334e-01
4.182443916797637939e-01 3.267015814781188965e-01
4.388984441757202148e-01 3.225131034851074219e-01
3.597246110439300537e-01 4.827225208282470703e-01
4.802065491676330566e-01 2.952879667282104492e-01
4.647160172462463379e-01 3.790575861930847168e-01
1.686746925115585327e-01 2.366492152214050293e-01
3.356282413005828857e-01 1.821989566087722778e-01
3.166953623294830322e-01 3.780104815959930420e-01
4.216867387294769287e-01 3.748691082000732422e-01
2.237521559000015259e-01 2.638743519783020020e-01
3.580034375190734863e-01 3.424083888530731201e-01
3.528399169445037842e-01 1.801047176122665405e-01
1.962134242057800293e-01 3.434554934501647949e-01
3.511187732219696045e-01 0.000000000000000000e+00
2.839931249618530273e-01 2.198952883481979370e-01
7.228915393352508545e-02 4.020942449569702148e-01
3.924268484115600586e-01 2.157068103551864624e-01
2.495697140693664551e-01 8.376963436603546143e-02
3.046471476554870605e-01 2.638743519783020020e-01
9.810671210289001465e-02 3.287958204746246338e-01
1.411359757184982300e-01 3.989528715610504150e-01
3.476764261722564697e-01 3.256544470787048340e-01
3.356282413005828857e-01 1.371727734804153442e-01
3.459552526473999023e-01 4.366492033004760742e-01
3.132530152797698975e-01 3.738220036029815674e-01
6.196213513612747192e-02 1.937172710895538330e-01
3.046471476554870605e-01 2.544502615928649902e-01
3.648881316184997559e-01 2.481675446033477783e-01
1.876075714826583862e-01 1.089005246758460999e-01
2.581755518913269043e-01 7.748690992593765259e-02
4.509466290473937988e-01 3.947643935680389404e-01
2.151463031768798828e-01 3.225131034851074219e-01
1.807228922843933105e-01 2.439790517091751099e-01
5.232357978820800781e-01 2.869109809398651123e-01
2.633390724658966064e-01 3.675392568111419678e-01
3.958691954612731934e-01 9.633507579565048218e-02
2.444061934947967529e-01 3.329842984676361084e-01
3.597246110439300537e-01 6.073298305273056030e-02
3.545610904693603516e-01 3.874345421791076660e-01
3.012048304080963135e-01 2.670156955718994141e-01
4.234079122543334961e-01 3.267015814781188965e-01
2.960413098335266113e-01 1.602094173431396484e-01
5.232357978820800781e-01 2.219895273447036743e-01
3.270223736763000488e-01 3.476439714431762695e-01
4.819277226924896240e-01 2.900523543357849121e-01
2.530120611190795898e-01 3.350785374641418457e-01
4.354560971260070801e-01 2.628272175788879395e-01
0.000000000000000000e+00 2.890052497386932373e-01
2.065404504537582397e-01 3.581151962280273438e-01
3.425129055976867676e-01 3.664921522140502930e-01
2.409638613462448120e-01 3.015706837177276611e-01
9.294319897890090942e-02 2.230366468429565430e-01
1.462994813919067383e-01 2.083769589662551880e-01
2.598967254161834717e-01 2.806282639503479004e-01
2.925989627838134766e-01 2.732984423637390137e-01
2.685025930404663086e-01 4.031413495540618896e-01
1.118760779500007629e-01 4.104712009429931641e-01
4.423407912254333496e-01 3.445026278495788574e-01
3.029260039329528809e-01 4.439790546894073486e-01
3.631669580936431885e-01 2.732984423637390137e-01
2.082616239786148071e-01 3.801047205924987793e-01
3.046471476554870605e-01 5.497382283210754395e-01
2.908777892589569092e-01 5.078533887863159180e-01
3.889845013618469238e-01 3.685863912105560303e-01
4.956970810890197754e-01 3.057591617107391357e-01
2.977624833583831787e-01 2.848167419433593750e-01
3.803786635398864746e-01 2.565445005893707275e-01
3.132530152797698975e-01 2.408376932144165039e-01
2.650602459907531738e-01 1.204188466072082520e-01
4.647160172462463379e-01 3.350785374641418457e-01
3.442340791225433350e-01 2.345549762248992920e-01
2.478485405445098877e-01 3.392670154571533203e-01
4.423407912254333496e-01 3.392670154571533203e-01
2.289156615734100342e-01 4.031413495540618896e-01
2.013769298791885376e-01 1.874345541000366211e-01
2.805507779121398926e-01 1.298429369926452637e-01
1.772805452346801758e-01 4.408377110958099365e-01
3.786575049161911011e-02 2.052356004714965820e-01
3.253012001514434814e-01 8.481675386428833008e-02
2.340791672468185425e-01 4.314136207103729248e-01
1.703958660364151001e-01 4.115183353424072266e-01
2.254733145236968994e-01 2.544502615928649902e-01
3.476764261722564697e-01 2.429319322109222412e-01
1.893287450075149536e-01 8.795811235904693604e-02
2.822719514369964600e-01 1.759162247180938721e-01
3.184165358543395996e-01 3.539266884326934814e-01
4.044750332832336426e-01 2.712042033672332764e-01
2.822719514369964600e-01 1.078534051775932312e-01
3.648881316184997559e-01 2.198952883481979370e-01
3.287435472011566162e-01 5.183246135711669922e-01
2.358003407716751099e-01 1.842931956052780151e-01
2.082616239786148071e-01 3.958115279674530029e-01
2.943201363086700439e-01 1.602094173431396484e-01
4.406196177005767822e-01 2.366492152214050293e-01
3.889845013618469238e-01 3.979057669639587402e-01
2.977624833583831787e-01 3.151832520961761475e-01
2.925989590585231781e-02 3.455497324466705322e-01
2.805507779121398926e-01 3.842931985855102539e-01
2.185886353254318237e-01 3.602094352245330811e-01
1.376936305314302444e-02 1.455497443675994873e-01
3.528399169445037842e-01 3.120418787002563477e-01
1.273666024208068848e-01 4.670157134532928467e-01
2.271944880485534668e-01 4.879581034183502197e-01
3.597246110439300537e-01 2.659685909748077393e-01
3.012048304080963135e-01 5.099476575851440430e-01
3.769363164901733398e-01 5.445026233792304993e-02
3.029260039329528809e-01 1.329842954874038696e-01
7.228915393352508545e-02 1.445026248693466187e-01
2.753872573375701904e-01 2.282722443342208862e-01
2.065404504537582397e-01 2.617801129817962646e-01
4.612736701965332031e-01 2.387434542179107666e-01
2.839931249618530273e-01 2.586387395858764648e-01
2.134251296520233154e-01 2.335078567266464233e-01
6.024096533656120300e-02 3.654450178146362305e-01
2.788296043872833252e-01 3.780104815959930420e-01
4.733218550682067871e-01 1.109947636723518372e-01
4.475043118000030518e-01 2.565445005893707275e-01
3.803786635398864746e-01 2.691099345684051514e-01
9.466437250375747681e-02 2.596858739852905273e-01
4.234079122543334961e-01 2.000000029802322388e-01
2.633390724658966064e-01 3.130890130996704102e-01
1.411359757184982300e-01 1.863874346017837524e-01
3.442340791225433350e-01 4.157068133354187012e-01
2.117039561271667480e-01 3.581151962280273438e-01
3.390705585479736328e-01 2.471204251050949097e-01
3.993115425109863281e-01 4.607329964637756348e-01
3.820998370647430420e-01 3.664921522140502930e-01
3.080894947052001953e-01 2.900523543357849121e-01
3.855421543121337891e-01 4.554973840713500977e-01
1.600688397884368896e-01 1.193717271089553833e-01
8.777969330549240112e-02 1.811518371105194092e-01
3.459552526473999023e-01 2.481675446033477783e-01
4.320137798786163330e-01 2.994764447212219238e-01
2.547332048416137695e-01 1.581151783466339111e-01
4.423407912254333496e-01 3.874345421791076660e-01
1.204819232225418091e-02 2.314136177301406860e-01
1.325301229953765869e-01 2.356020957231521606e-01
1.566265076398849487e-01 2.251308858394622803e-01
2.220309823751449585e-01 3.717277348041534424e-01
3.683304786682128906e-01 2.502617835998535156e-01
3.528399169445037842e-01 2.188481688499450684e-01
1.549053341150283813e-01 4.356020987033843994e-01
3.253012001514434814e-01 1.560209393501281738e-01
1.858863979578018188e-01 4.083769619464874268e-01
4.061962068080902100e-01 4.492146670818328857e-01
1.876075714826583862e-01 2.984293103218078613e-01
1.359724551439285278e-01 3.738220036029815674e-01
4.251290857791900635e-01 2.492146641016006470e-01
4.939759075641632080e-01 1.602094173431396484e-01
2.065404504537582397e-01 4.418848156929016113e-01
2.220309823751449585e-01 3.842931985855102539e-01
1.411359757184982300e-01 2.722513079643249512e-01
1.858863979578018188e-01 1.664921492338180542e-01
2.117039561271667480e-01 2.607329785823822021e-01
1.566265076398849487e-01 2.743455469608306885e-01
2.065404504537582397e-01 7.078533768653869629e-01
3.270223736763000488e-01 6.732984185218811035e-01
1.927710771560668945e-01 8.020942211151123047e-01
4.285714328289031982e-01 7.801046967506408691e-01
2.151463031768798828e-01 5.821989774703979492e-01
3.752151429653167725e-01 9.099476337432861328e-01
2.461273670196533203e-01 7.947643995285034180e-01
4.802065491676330566e-01 7.727748751640319824e-01
1.858863979578018188e-01 8.219895362854003906e-01
3.683304786682128906e-01 8.219895362854003906e-01
2.426850199699401855e-01 7.476440072059631348e-01
3.614457845687866211e-01 7.842931747436523438e-01
2.667814195156097412e-01 7.267015576362609863e-01
2.564543783664703369e-01 8.345549702644348145e-01
4.113597273826599121e-01 6.586387157440185547e-01
1.652323603630065918e-01 9.047120213508605957e-01
2.444061934947967529e-01 6.973822116851806641e-01
1.996557712554931641e-01 6.952879428863525391e-01
4.251290857791900635e-01 8.178010582923889160e-01
4.578313231468200684e-01 7.633507847785949707e-01
3.029260039329528809e-01 7.172774672508239746e-01
3.511187732219696045e-01 8.052356243133544922e-01
4.010327160358428955e-01 7.298429608345031738e-01
2.099827826023101807e-01 6.952879428863525391e-01
3.614457845687866211e-01 7.549738287925720215e-01
3.098106682300567627e-01 7.329843044281005859e-01
5.301204919815063477e-01 7.445026040077209473e-01
5.043029189109802246e-01 7.560209631919860840e-01
9.466437250375747681e-02 5.958115458488464355e-01
1.084337383508682251e-01 8.628272414207458496e-01
1.514630019664764404e-01 9.403141140937805176e-01
2.151463031768798828e-01 7.549738287925720215e-01
2.633390724658966064e-01 7.979057431221008301e-01
1.669535338878631592e-01 7.643979191780090332e-01
2.805507779121398926e-01 7.560209631919860840e-01
3.855421543121337891e-01 6.230366230010986328e-01
5.232357978820800781e-01 8.272251486778259277e-01
2.977624833583831787e-01 6.219895482063293457e-01
2.943201363086700439e-01 6.282722353935241699e-01
3.597246110439300537e-01 7.727748751640319824e-01
2.805507779121398926e-01 6.335078477859497070e-01
4.027538597583770752e-01 8.827224969863891602e-01
2.805507779121398926e-01 7.141361236572265625e-01
1.084337383508682251e-01 7.371727824211120605e-01
2.702237665653228760e-01 6.879581212997436523e-01
3.855421543121337891e-01 7.099476456642150879e-01
3.786574900150299072e-01 7.926701307296752930e-01
3.425129055976867676e-01 7.528795599937438965e-01
4.027538597583770752e-01 6.439790725708007812e-01
2.375215142965316772e-01 8.062826991081237793e-01
2.736660838127136230e-01 6.376963257789611816e-01
3.631669580936431885e-01 8.387434482574462891e-01
3.253012001514434814e-01 8.680628538131713867e-01
2.426850199699401855e-01 7.078533768653869629e-01
3.046471476554870605e-01 6.607329845428466797e-01
3.339070677757263184e-01 7.884816527366638184e-01
1.135972440242767334e-01 7.130889892578125000e-01
4.905335605144500732e-01 7.455497384071350098e-01
4.526678025722503662e-01 8.837696313858032227e-01
2.151463031768798828e-01 7.706806063652038574e-01
2.753872573375701904e-01 7.507853507995605469e-01
4.165232479572296143e-01 7.015706896781921387e-01
3.562822639942169189e-01 6.565445065498352051e-01
5.163511261343955994e-02 7.832460999488830566e-01
1.738382130861282349e-01 5.989528894424438477e-01
4.561101496219635010e-01 8.083769679069519043e-01
4.234079122543334961e-01 9.225130677223205566e-01
1.996557712554931641e-01 7.298429608345031738e-01
2.375215142965316772e-01 6.680628061294555664e-01
1.204819306731224060e-01 7.633507847785949707e-01
2.030981034040451050e-01 7.445026040077209473e-01
3.683304786682128906e-01 8.073298335075378418e-01
2.426850199699401855e-01 6.345549821853637695e-01
4.492254853248596191e-01 6.167539358139038086e-01
1.738382130861282349e-01 7.183246016502380371e-01
7.573150098323822021e-02 8.544502854347229004e-01
2.426850199699401855e-01 8.439790606498718262e-01
3.855421543121337891e-01 7.549738287925720215e-01
3.149741888046264648e-01 6.942408084869384766e-01
4.113597273826599121e-01 8.732984066009521484e-01
3.407917320728302002e-01 8.104711771011352539e-01
2.667814195156097412e-01 7.298429608345031738e-01
2.461273670196533203e-01 6.408376693725585938e-01
6.368330121040344238e-02 8.062826991081237793e-01
2.874354422092437744e-01 7.172774672508239746e-01
2.323580086231231689e-01 7.434554696083068848e-01
3.012048304080963135e-01 7.287958264350891113e-01
3.528399169445037842e-01 6.356021165847778320e-01
4.922547340393066406e-01 6.795811653137207031e-01
3.425129055976867676e-01 7.319371700286865234e-01
1.669535338878631592e-01 7.685863971710205078e-01
2.220309823751449585e-01 1.000000000000000000e+00
3.321858942508697510e-01 7.811518311500549316e-01
2.857142984867095947e-01 7.287958264350891113e-01
3.838210105895996094e-01 7.623036503791809082e-01
2.306368350982666016e-01 7.413612604141235352e-01
3.752151429653167725e-01 7.371727824211120605e-01
4.061962068080902100e-01 7.591623067855834961e-01
3.287435472011566162e-01 7.570680379867553711e-01
2.994836568832397461e-01 7.287958264350891113e-01
5.352839827537536621e-01 6.994764208793640137e-01
3.287435472011566162e-01 6.921465992927551270e-01
1.858863979578018188e-01 7.528795599937438965e-01
3.304647207260131836e-01 6.397905945777893066e-01
1.067125648260116577e-01 7.989528775215148926e-01
2.375215142965316772e-01 6.753926873207092285e-01
3.201376795768737793e-01 7.057591676712036133e-01
2.891566157341003418e-01 7.685863971710205078e-01
3.304647207260131836e-01 6.125654578208923340e-01
3.321858942508697510e-01 8.429319262504577637e-01
3.442340791225433350e-01 8.125654458999633789e-01
3.941480219364166260e-01 6.157068014144897461e-01
1.721170395612716675e-01 7.183246016502380371e-01
4.027538597583770752e-01 6.408376693725585938e-01
3.063683211803436279e-01 7.256544232368469238e-01
4.061962068080902100e-01 7.465968728065490723e-01
1.411359757184982300e-01 7.497382164001464844e-01
3.270223736763000488e-01 8.513088822364807129e-01
7.228915393352508545e-02 8.178010582923889160e-01
1.841652393341064453e-01 7.717277407646179199e-01
4.251290857791900635e-01 5.905759334564208984e-01
1.635111868381500244e-01 7.026178240776062012e-01
3.545610904693603516e-01 7.581151723861694336e-01
3.666093051433563232e-01 6.795811653137207031e-01
2.530120611190795898e-01 7.706806063652038574e-01
2.065404504537582397e-01 7.801046967506408691e-01
4.337349534034729004e-01 7.162303924560546875e-01
2.685025930404663086e-01 6.397905945777893066e-01
1.790017187595367432e-01 7.717277407646179199e-01
3.820998370647430420e-01 6.816753745079040527e-01
2.203098088502883911e-01 7.612565159797668457e-01
3.975903689861297607e-01 8.795811533927917480e-01
1.824440658092498779e-01 5.696334838867187500e-01
1.910499185323715210e-01 8.492146730422973633e-01
2.616178989410400391e-01 7.654450535774230957e-01
1.067125648260116577e-01 7.853403091430664062e-01
1.944922506809234619e-01 7.340314388275146484e-01
3.063683211803436279e-01 6.732984185218811035e-01
3.407917320728302002e-01 7.246073484420776367e-01
3.063683211803436279e-01 6.188481450080871582e-01
1.600688397884368896e-01 5.905759334564208984e-01
1.566265076398849487e-01 7.099476456642150879e-01
4.475043118000030518e-01 8.219895362854003906e-01
2.512908875942230225e-01 7.465968728065490723e-01
3.717727959156036377e-01 8.178010582923889160e-01
2.547332048416137695e-01 7.099476456642150879e-01
1.514630019664764404e-01 5.445026159286499023e-01
3.373493850231170654e-01 6.408376693725585938e-01
3.098106682300567627e-01 8.534031510353088379e-01
2.323580086231231689e-01 7.403141260147094727e-01
2.082616239786148071e-01 6.335078477859497070e-01
1.652323603630065918e-01 7.235602140426635742e-01
4.061962068080902100e-01 8.251308798789978027e-01
4.199655652046203613e-01 6.848167777061462402e-01
1.273666024208068848e-01 7.832460999488830566e-01
3.287435472011566162e-01 7.811518311500549316e-01
3.339070677757263184e-01 8.712041974067687988e-01
4.320137798786163330e-01 5.539267063140869141e-01
2.943201363086700439e-01 7.884816527366638184e-01
4.010327160358428955e-01 7.623036503791809082e-01
1.153184175491333008e-01 8.753926753997802734e-01
1.032702252268791199e-01 6.691099405288696289e-01
3.184165358543395996e-01 8.157067894935607910e-01
4.061962068080902100e-01 7.256544232368469238e-01
2.977624833583831787e-01 6.418848037719726562e-01
2.564543783664703369e-01 7.518324851989746094e-01
4.629948437213897705e-01 7.277486920356750488e-01
2.254733145236968994e-01 6.649214625358581543e-01
4.974182546138763428e-01 6.376963257789611816e-01
1.876075714826583862e-01 7.884816527366638184e-01
2.375215142965316772e-01 7.214659452438354492e-01
3.786574900150299072e-01 8.041884899139404297e-01
2.753872573375701904e-01 6.921465992927551270e-01
3.734939694404602051e-01 7.623036503791809082e-01
5.180723071098327637e-01 8.209424018859863281e-01
4.681583344936370850e-01 6.921465992927551270e-01
2.530120611190795898e-01 7.685863971710205078e-01
1.015490517020225525e-01 7.141361236572265625e-01
4.647160172462463379e-01 8.010471463203430176e-01
4.561101496219635010e-01 8.020942211151123047e-01
3.631669580936431885e-01 7.287958264350891113e-01
6.712564826011657715e-02 7.141361236572265625e-01
2.960413098335266113e-01 7.392669916152954102e-01
3.425129055976867676e-01 8.293193578720092773e-01
2.082616239786148071e-01 8.293193578720092773e-01
3.184165358543395996e-01 8.408377170562744141e-01
3.855421543121337891e-01 8.387434482574462891e-01
4.698795080184936523e-01 7.005235552787780762e-01
2.839931249618530273e-01 6.261780261993408203e-01
1.807228922843933105e-01 8.125654458999633789e-01
3.975903689861297607e-01 7.424083948135375977e-01
2.117039561271667480e-01 7.183246016502380371e-01
5.679862201213836670e-02 8.052356243133544922e-01
4.440619647502899170e-01 7.738220095634460449e-01
2.030981034040451050e-01 6.513088941574096680e-01
2.358003407716751099e-01 6.900523304939270020e-01
2.960413098335266113e-01 6.397905945777893066e-01
3.958691954612731934e-01 7.748690843582153320e-01
2.082616239786148071e-01 7.298429608345031738e-01
4.199655652046203613e-01 7.507853507995605469e-01
2.512908875942230225e-01 7.319371700286865234e-01
3.476764261722564697e-01 8.136125802993774414e-01
4.148020744323730469e-01 7.947643995285034180e-01
2.444061934947967529e-01 7.109947800636291504e-01
1.996557712554931641e-01 8.157067894935607910e-01
1.876075714826583862e-01 7.225130796432495117e-01
4.302926063537597656e-01 7.748690843582153320e-01
2.581755518913269043e-01 7.863874435424804688e-01
1.549053341150283813e-01 7.958115339279174805e-01
4.320137798786163330e-01 6.261780261993408203e-01
3.838210105895996094e-01 7.214659452438354492e-01
2.943201363086700439e-01 8.544502854347229004e-01
