2.128000000000000000e+03 2.317000000000000000e+03
1.794000000000000000e+03 2.522000000000000000e+03
3.087000000000000000e+03 2.482000000000000000e+03
3.174000000000000000e+03 2.492000000000000000e+03
3.408000000000000000e+03 2.718000000000000000e+03
3.195000000000000000e+03 2.080000000000000000e+03
3.030000000000000000e+03 2.605000000000000000e+03
2.097000000000000000e+03 2.401000000000000000e+03
2.125000000000000000e+03 2.344000000000000000e+03
1.784000000000000000e+03 2.217000000000000000e+03
1.790000000000000000e+03 2.237000000000000000e+03
2.101000000000000000e+03 2.389000000000000000e+03
3.177000000000000000e+03 2.193000000000000000e+03
3.160000000000000000e+03 2.135000000000000000e+03
2.179000000000000000e+03 2.381000000000000000e+03
3.216000000000000000e+03 2.426000000000000000e+03
3.223000000000000000e+03 2.413000000000000000e+03
2.071000000000000000e+03 2.335000000000000000e+03
3.300000000000000000e+03 2.624000000000000000e+03
1.864000000000000000e+03 2.489000000000000000e+03
2.166000000000000000e+03 2.320000000000000000e+03
3.210000000000000000e+03 2.213000000000000000e+03
1.952000000000000000e+03 2.269000000000000000e+03
3.262000000000000000e+03 2.581000000000000000e+03
3.182000000000000000e+03 2.513000000000000000e+03
3.270000000000000000e+03 2.744000000000000000e+03
1.786000000000000000e+03 2.612000000000000000e+03
1.751000000000000000e+03 2.062000000000000000e+03
1.869000000000000000e+03 2.121000000000000000e+03
3.077000000000000000e+03 2.677000000000000000e+03
3.212000000000000000e+03 2.574000000000000000e+03
1.923000000000000000e+03 2.591000000000000000e+03
3.271000000000000000e+03 2.151000000000000000e+03
1.799000000000000000e+03 2.402000000000000000e+03
2.128000000000000000e+03 2.367000000000000000e+03
3.189000000000000000e+03 2.484000000000000000e+03
2.105000000000000000e+03 2.314000000000000000e+03
1.877000000000000000e+03 1.963000000000000000e+03
1.920000000000000000e+03 2.219000000000000000e+03
1.892000000000000000e+03 2.715000000000000000e+03
1.817000000000000000e+03 2.605000000000000000e+03
3.221000000000000000e+03 2.381000000000000000e+03
1.728000000000000000e+03 2.189000000000000000e+03
1.953000000000000000e+03 2.584000000000000000e+03
1.924000000000000000e+03 2.175000000000000000e+03
3.215000000000000000e+03 2.131000000000000000e+03
3.282000000000000000e+03 2.071000000000000000e+03
3.256000000000000000e+03 2.184000000000000000e+03
1.782000000000000000e+03 2.631000000000000000e+03
3.083000000000000000e+03 2.625000000000000000e+03
1.888000000000000000e+03 2.631000000000000000e+03
1.660000000000000000e+03 2.511000000000000000e+03
1.797000000000000000e+03 2.110000000000000000e+03
2.084000000000000000e+03 2.350000000000000000e+03
1.815000000000000000e+03 2.560000000000000000e+03
1.884000000000000000e+03 2.595000000000000000e+03
1.986000000000000000e+03 2.354000000000000000e+03
1.872000000000000000e+03 2.060000000000000000e+03
3.175000000000000000e+03 2.171000000000000000e+03
3.151000000000000000e+03 2.669000000000000000e+03
1.697000000000000000e+03 2.140000000000000000e+03
3.100000000000000000e+03 2.505000000000000000e+03
3.196000000000000000e+03 2.104000000000000000e+03
2.052000000000000000e+03 2.367000000000000000e+03
1.829000000000000000e+03 2.540000000000000000e+03
1.823000000000000000e+03 2.643000000000000000e+03
2.053000000000000000e+03 2.320000000000000000e+03
3.320000000000000000e+03 2.197000000000000000e+03
3.272000000000000000e+03 2.205000000000000000e+03
3.146000000000000000e+03 2.773000000000000000e+03
1.913000000000000000e+03 2.475000000000000000e+03
3.254000000000000000e+03 2.145000000000000000e+03
3.128000000000000000e+03 2.664000000000000000e+03
1.894000000000000000e+03 2.205000000000000000e+03
3.203000000000000000e+03 2.514000000000000000e+03
3.209000000000000000e+03 2.099000000000000000e+03
1.876000000000000000e+03 2.093000000000000000e+03
2.065000000000000000e+03 2.407000000000000000e+03
2.113000000000000000e+03 2.464000000000000000e+03
3.235000000000000000e+03 2.591000000000000000e+03
1.865000000000000000e+03 2.071000000000000000e+03
3.174000000000000000e+03 2.048000000000000000e+03
2.101000000000000000e+03 2.436000000000000000e+03
1.770000000000000000e+03 2.710000000000000000e+03
2.054000000000000000e+03 2.375000000000000000e+03
2.086000000000000000e+03 2.012000000000000000e+03
3.288000000000000000e+03 2.151000000000000000e+03
1.842000000000000000e+03 2.074000000000000000e+03
1.807000000000000000e+03 1.904000000000000000e+03
2.092000000000000000e+03 2.314000000000000000e+03
3.235000000000000000e+03 2.019000000000000000e+03
3.141000000000000000e+03 2.198000000000000000e+03
2.065000000000000000e+03 2.431000000000000000e+03
2.171000000000000000e+03 2.353000000000000000e+03
2.166000000000000000e+03 2.393000000000000000e+03
3.229000000000000000e+03 2.661000000000000000e+03
2.103000000000000000e+03 2.297000000000000000e+03
3.256000000000000000e+03 2.093000000000000000e+03
1.816000000000000000e+03 2.512000000000000000e+03
1.790000000000000000e+03 2.510000000000000000e+03
1.921000000000000000e+03 2.627000000000000000e+03
2.124000000000000000e+03 2.393000000000000000e+03
3.244000000000000000e+03 2.159000000000000000e+03
3.170000000000000000e+03 2.097000000000000000e+03
3.259000000000000000e+03 2.554000000000000000e+03
3.126000000000000000e+03 2.659000000000000000e+03
3.193000000000000000e+03 2.439000000000000000e+03
1.908000000000000000e+03 2.055000000000000000e+03
1.792000000000000000e+03 2.135000000000000000e+03
1.869000000000000000e+03 2.076000000000000000e+03
2.157000000000000000e+03 2.279000000000000000e+03
1.651000000000000000e+03 2.180000000000000000e+03
1.861000000000000000e+03 2.058000000000000000e+03
3.288000000000000000e+03 2.219000000000000000e+03
3.270000000000000000e+03 2.129000000000000000e+03
1.940000000000000000e+03 2.575000000000000000e+03
3.206000000000000000e+03 2.055000000000000000e+03
3.143000000000000000e+03 2.079000000000000000e+03
1.827000000000000000e+03 2.088000000000000000e+03
1.816000000000000000e+03 2.299000000000000000e+03
1.996000000000000000e+03 2.395000000000000000e+03
3.353000000000000000e+03 2.476000000000000000e+03
1.917000000000000000e+03 2.158000000000000000e+03
1.850000000000000000e+03 2.531000000000000000e+03
1.929000000000000000e+03 2.154000000000000000e+03
1.983000000000000000e+03 2.395000000000000000e+03
3.219000000000000000e+03 2.226000000000000000e+03
3.373000000000000000e+03 2.779000000000000000e+03
1.962000000000000000e+03 2.209000000000000000e+03
2.105000000000000000e+03 2.305000000000000000e+03
3.200000000000000000e+03 2.259000000000000000e+03
3.178000000000000000e+03 2.132000000000000000e+03
1.878000000000000000e+03 2.615000000000000000e+03
1.907000000000000000e+03 2.543000000000000000e+03
1.991000000000000000e+03 2.163000000000000000e+03
3.306000000000000000e+03 2.452000000000000000e+03
2.200000000000000000e+03 2.407000000000000000e+03
1.796000000000000000e+03 2.510000000000000000e+03
1.884000000000000000e+03 2.567000000000000000e+03
2.073000000000000000e+03 2.484000000000000000e+03
2.097000000000000000e+03 2.424000000000000000e+03
1.883000000000000000e+03 2.307000000000000000e+03
2.046000000000000000e+03 2.287000000000000000e+03
1.854000000000000000e+03 2.546000000000000000e+03
3.408000000000000000e+03 2.526000000000000000e+03
1.982000000000000000e+03 2.557000000000000000e+03
3.234000000000000000e+03 2.522000000000000000e+03
1.953000000000000000e+03 2.128000000000000000e+03
2.046000000000000000e+03 2.201000000000000000e+03
3.259000000000000000e+03 2.163000000000000000e+03
1.944000000000000000e+03 2.208000000000000000e+03
1.967000000000000000e+03 2.568000000000000000e+03
3.189000000000000000e+03 2.675000000000000000e+03
3.185000000000000000e+03 2.509000000000000000e+03
3.423000000000000000e+03 2.656000000000000000e+03
1.729000000000000000e+03 2.415000000000000000e+03
1.737000000000000000e+03 2.670000000000000000e+03
2.017000000000000000e+03 2.081000000000000000e+03
1.772000000000000000e+03 2.072000000000000000e+03
1.762000000000000000e+03 2.744000000000000000e+03
2.188000000000000000e+03 2.380000000000000000e+03
2.029000000000000000e+03 2.390000000000000000e+03
1.869000000000000000e+03 2.020000000000000000e+03
1.858000000000000000e+03 2.207000000000000000e+03
2.116000000000000000e+03 2.449000000000000000e+03
3.278000000000000000e+03 2.540000000000000000e+03
3.252000000000000000e+03 2.688000000000000000e+03
3.259000000000000000e+03 2.182000000000000000e+03
3.168000000000000000e+03 2.045000000000000000e+03
1.970000000000000000e+03 2.355000000000000000e+03
3.002000000000000000e+03 2.612000000000000000e+03
2.186000000000000000e+03 2.306000000000000000e+03
1.919000000000000000e+03 2.204000000000000000e+03
1.799000000000000000e+03 2.567000000000000000e+03
1.804000000000000000e+03 2.098000000000000000e+03
3.150000000000000000e+03 2.163000000000000000e+03
3.184000000000000000e+03 2.129000000000000000e+03
3.251000000000000000e+03 2.423000000000000000e+03
3.295000000000000000e+03 2.108000000000000000e+03
3.264000000000000000e+03 2.463000000000000000e+03
1.882000000000000000e+03 2.173000000000000000e+03
3.137000000000000000e+03 2.181000000000000000e+03
3.186000000000000000e+03 2.246000000000000000e+03
1.879000000000000000e+03 2.018000000000000000e+03
1.788000000000000000e+03 2.174000000000000000e+03
2.099000000000000000e+03 2.455000000000000000e+03
1.878000000000000000e+03 1.846000000000000000e+03
2.062000000000000000e+03 2.348000000000000000e+03
3.331000000000000000e+03 2.599000000000000000e+03
3.162000000000000000e+03 2.240000000000000000e+03
1.827000000000000000e+03 2.608000000000000000e+03
2.237000000000000000e+03 2.386000000000000000e+03
1.771000000000000000e+03 2.576000000000000000e+03
3.238000000000000000e+03 2.129000000000000000e+03
2.089000000000000000e+03 2.408000000000000000e+03
3.221000000000000000e+03 2.648000000000000000e+03
2.047000000000000000e+03 2.352000000000000000e+03
1.839000000000000000e+03 2.056000000000000000e+03
3.197000000000000000e+03 2.051000000000000000e+03
3.208000000000000000e+03 2.191000000000000000e+03
2.093000000000000000e+03 2.467000000000000000e+03
2.141000000000000000e+03 2.441000000000000000e+03
3.216000000000000000e+03 2.529000000000000000e+03
2.111000000000000000e+03 2.456000000000000000e+03
3.150000000000000000e+03 2.587000000000000000e+03
1.837000000000000000e+03 2.568000000000000000e+03
3.161000000000000000e+03 2.092000000000000000e+03
2.085000000000000000e+03 2.348000000000000000e+03
1.898000000000000000e+03 2.441000000000000000e+03
1.716000000000000000e+03 2.230000000000000000e+03
1.998000000000000000e+03 2.245000000000000000e+03
2.090000000000000000e+03 2.395000000000000000e+03
3.180000000000000000e+03 2.122000000000000000e+03
3.091000000000000000e+03 2.436000000000000000e+03
3.203000000000000000e+03 2.166000000000000000e+03
3.126000000000000000e+03 2.101000000000000000e+03
3.272000000000000000e+03 2.081000000000000000e+03
2.052000000000000000e+03 2.329000000000000000e+03
1.902000000000000000e+03 2.052000000000000000e+03
2.169000000000000000e+03 2.399000000000000000e+03
3.173000000000000000e+03 2.052000000000000000e+03
3.214000000000000000e+03 2.114000000000000000e+03
2.092000000000000000e+03 2.418000000000000000e+03
2.125000000000000000e+03 2.351000000000000000e+03
2.092000000000000000e+03 2.271000000000000000e+03
1.819000000000000000e+03 1.926000000000000000e+03
3.157000000000000000e+03 2.148000000000000000e+03
1.851000000000000000e+03 2.098000000000000000e+03
3.187000000000000000e+03 2.199000000000000000e+03
2.017000000000000000e+03 2.267000000000000000e+03
1.731000000000000000e+03 2.160000000000000000e+03
3.132000000000000000e+03 2.050000000000000000e+03
3.210000000000000000e+03 2.643000000000000000e+03
1.756000000000000000e+03 2.227000000000000000e+03
1.876000000000000000e+03 2.157000000000000000e+03
1.869000000000000000e+03 1.977000000000000000e+03
2.125000000000000000e+03 2.345000000000000000e+03
1.978000000000000000e+03 2.636000000000000000e+03
1.847000000000000000e+03 2.440000000000000000e+03
2.081000000000000000e+03 2.348000000000000000e+03
3.189000000000000000e+03 2.109000000000000000e+03
1.845000000000000000e+03 2.446000000000000000e+03
3.231000000000000000e+03 2.550000000000000000e+03
3.140000000000000000e+03 2.633000000000000000e+03
1.875000000000000000e+03 2.263000000000000000e+03
2.108000000000000000e+03 2.471000000000000000e+03
1.883000000000000000e+03 2.584000000000000000e+03
2.103000000000000000e+03 2.311000000000000000e+03
2.029000000000000000e+03 2.346000000000000000e+03
3.194000000000000000e+03 2.129000000000000000e+03
3.293000000000000000e+03 2.173000000000000000e+03
3.402000000000000000e+03 2.646000000000000000e+03
2.151000000000000000e+03 2.287000000000000000e+03
1.856000000000000000e+03 2.203000000000000000e+03
3.325000000000000000e+03 2.592000000000000000e+03
1.837000000000000000e+03 2.451000000000000000e+03
3.173000000000000000e+03 2.197000000000000000e+03
2.084000000000000000e+03 2.391000000000000000e+03
3.096000000000000000e+03 2.541000000000000000e+03
3.129000000000000000e+03 2.152000000000000000e+03
3.255000000000000000e+03 2.601000000000000000e+03
2.096000000000000000e+03 2.411000000000000000e+03
3.127000000000000000e+03 2.527000000000000000e+03
1.908000000000000000e+03 2.689000000000000000e+03
1.837000000000000000e+03 2.528000000000000000e+03
1.737000000000000000e+03 2.550000000000000000e+03
3.364000000000000000e+03 2.577000000000000000e+03
3.066000000000000000e+03 2.602000000000000000e+03
1.710000000000000000e+03 2.031000000000000000e+03
1.851000000000000000e+03 2.089000000000000000e+03
2.095000000000000000e+03 2.351000000000000000e+03
3.306000000000000000e+03 2.556000000000000000e+03
2.137000000000000000e+03 2.369000000000000000e+03
3.131000000000000000e+03 2.607000000000000000e+03
3.294000000000000000e+03 2.710000000000000000e+03
3.139000000000000000e+03 2.565000000000000000e+03
1.831000000000000000e+03 2.503000000000000000e+03
1.898000000000000000e+03 2.524000000000000000e+03
2.163000000000000000e+03 2.365000000000000000e+03
1.886000000000000000e+03 2.083000000000000000e+03
3.368000000000000000e+03 2.482000000000000000e+03
2.021000000000000000e+03 2.492000000000000000e+03
1.894000000000000000e+03 2.603000000000000000e+03
1.873000000000000000e+03 2.565000000000000000e+03
2.118000000000000000e+03 2.345000000000000000e+03
1.908000000000000000e+03 2.461000000000000000e+03
2.111000000000000000e+03 2.292000000000000000e+03
3.111000000000000000e+03 2.142000000000000000e+03
3.217000000000000000e+03 2.067000000000000000e+03
1.812000000000000000e+03 2.616000000000000000e+03
2.145000000000000000e+03 2.383000000000000000e+03
2.166000000000000000e+03 2.319000000000000000e+03
1.833000000000000000e+03 2.455000000000000000e+03
2.053000000000000000e+03 2.305000000000000000e+03
3.219000000000000000e+03 2.110000000000000000e+03
3.415000000000000000e+03 2.505000000000000000e+03
3.226000000000000000e+03 2.112000000000000000e+03
3.284000000000000000e+03 2.064000000000000000e+03
2.031000000000000000e+03 2.376000000000000000e+03
1.885000000000000000e+03 2.647000000000000000e+03
3.170000000000000000e+03 2.149000000000000000e+03
1.783000000000000000e+03 1.950000000000000000e+03
3.269000000000000000e+03 2.142000000000000000e+03
2.104000000000000000e+03 2.323000000000000000e+03
3.176000000000000000e+03 2.133000000000000000e+03
1.863000000000000000e+03 2.675000000000000000e+03
3.069000000000000000e+03 2.456000000000000000e+03
2.051000000000000000e+03 2.252000000000000000e+03
1.815000000000000000e+03 2.522000000000000000e+03
1.824000000000000000e+03 1.920000000000000000e+03
1.936000000000000000e+03 2.223000000000000000e+03
1.851000000000000000e+03 2.477000000000000000e+03
1.868000000000000000e+03 2.599000000000000000e+03
1.740000000000000000e+03 2.527000000000000000e+03
3.442000000000000000e+03 2.656000000000000000e+03
3.175000000000000000e+03 2.073000000000000000e+03
3.173000000000000000e+03 2.802000000000000000e+03
1.799000000000000000e+03 2.154000000000000000e+03
3.267000000000000000e+03 2.546000000000000000e+03
3.314000000000000000e+03 2.033000000000000000e+03
3.043000000000000000e+03 2.401000000000000000e+03
1.779000000000000000e+03 2.079000000000000000e+03
1.959000000000000000e+03 2.558000000000000000e+03
1.978000000000000000e+03 2.120000000000000000e+03
3.258000000000000000e+03 2.149000000000000000e+03
1.937000000000000000e+03 2.690000000000000000e+03
1.827000000000000000e+03 2.197000000000000000e+03
3.327000000000000000e+03 2.522000000000000000e+03
3.075000000000000000e+03 2.624000000000000000e+03
1.799000000000000000e+03 2.582000000000000000e+03
1.834000000000000000e+03 2.563000000000000000e+03
1.998000000000000000e+03 2.417000000000000000e+03
1.916000000000000000e+03 2.516000000000000000e+03
3.233000000000000000e+03 2.156000000000000000e+03
3.163000000000000000e+03 2.090000000000000000e+03
3.158000000000000000e+03 2.058000000000000000e+03
1.904000000000000000e+03 1.938000000000000000e+03
2.140000000000000000e+03 2.382000000000000000e+03
3.261000000000000000e+03 2.125000000000000000e+03
3.176000000000000000e+03 2.096000000000000000e+03
3.180000000000000000e+03 2.448000000000000000e+03
2.058000000000000000e+03 2.355000000000000000e+03
3.258000000000000000e+03 2.220000000000000000e+03
1.881000000000000000e+03 2.473000000000000000e+03
3.185000000000000000e+03 2.548000000000000000e+03
1.660000000000000000e+03 2.452000000000000000e+03
1.977000000000000000e+03 2.201000000000000000e+03
2.095000000000000000e+03 2.373000000000000000e+03
3.047000000000000000e+03 2.799000000000000000e+03
3.095000000000000000e+03 2.681000000000000000e+03
1.704000000000000000e+03 2.594000000000000000e+03
1.775000000000000000e+03 2.418000000000000000e+03
2.113000000000000000e+03 2.266000000000000000e+03
1.939000000000000000e+03 2.618000000000000000e+03
1.816000000000000000e+03 2.164000000000000000e+03
3.092000000000000000e+03 2.711000000000000000e+03
1.920000000000000000e+03 2.727000000000000000e+03
3.287000000000000000e+03 2.635000000000000000e+03
1.883000000000000000e+03 1.904000000000000000e+03
1.790000000000000000e+03 2.543000000000000000e+03
1.812000000000000000e+03 2.484000000000000000e+03
3.140000000000000000e+03 2.610000000000000000e+03
3.015000000000000000e+03 2.662000000000000000e+03
1.671000000000000000e+03 2.590000000000000000e+03
3.172000000000000000e+03 2.146000000000000000e+03
1.880000000000000000e+03 2.216000000000000000e+03
1.744000000000000000e+03 2.575000000000000000e+03
2.072000000000000000e+03 2.418000000000000000e+03
1.792000000000000000e+03 2.557000000000000000e+03
2.192000000000000000e+03 2.344000000000000000e+03
2.110000000000000000e+03 2.251000000000000000e+03
3.162000000000000000e+03 2.723000000000000000e+03
1.888000000000000000e+03 2.617000000000000000e+03
1.815000000000000000e+03 2.452000000000000000e+03
3.085000000000000000e+03 2.383000000000000000e+03
1.935000000000000000e+03 2.435000000000000000e+03
3.111000000000000000e+03 2.176000000000000000e+03
1.849000000000000000e+03 2.101000000000000000e+03
2.166000000000000000e+03 2.290000000000000000e+03
3.140000000000000000e+03 2.119000000000000000e+03
1.775000000000000000e+03 2.532000000000000000e+03
1.718000000000000000e+03 2.662000000000000000e+03
1.920000000000000000e+03 2.158000000000000000e+03
3.160000000000000000e+03 2.586000000000000000e+03
1.815000000000000000e+03 2.652000000000000000e+03
2.206000000000000000e+03 2.322000000000000000e+03
3.263000000000000000e+03 2.588000000000000000e+03
3.299000000000000000e+03 2.405000000000000000e+03
2.094000000000000000e+03 2.302000000000000000e+03
1.898000000000000000e+03 2.567000000000000000e+03
3.282000000000000000e+03 2.217000000000000000e+03
1.857000000000000000e+03 2.509000000000000000e+03
1.913000000000000000e+03 2.680000000000000000e+03
1.846000000000000000e+03 1.999000000000000000e+03
1.872000000000000000e+03 2.620000000000000000e+03
3.201000000000000000e+03 2.149000000000000000e+03
2.130000000000000000e+03 2.431000000000000000e+03
3.141000000000000000e+03 2.184000000000000000e+03
3.188000000000000000e+03 2.115000000000000000e+03
1.829000000000000000e+03 2.543000000000000000e+03
1.817000000000000000e+03 2.458000000000000000e+03
1.711000000000000000e+03 2.616000000000000000e+03
1.978000000000000000e+03 2.058000000000000000e+03
1.864000000000000000e+03 2.178000000000000000e+03
3.240000000000000000e+03 2.663000000000000000e+03
1.841000000000000000e+03 2.531000000000000000e+03
1.647000000000000000e+03 2.524000000000000000e+03
3.368000000000000000e+03 2.536000000000000000e+03
1.809000000000000000e+03 2.556000000000000000e+03
1.954000000000000000e+03 2.123000000000000000e+03
1.821000000000000000e+03 2.166000000000000000e+03
3.221000000000000000e+03 2.631000000000000000e+03
1.849000000000000000e+03 2.542000000000000000e+03
3.269000000000000000e+03 2.160000000000000000e+03
2.135000000000000000e+03 2.297000000000000000e+03
2.141000000000000000e+03 2.287000000000000000e+03
1.879000000000000000e+03 2.453000000000000000e+03
3.144000000000000000e+03 2.571000000000000000e+03
3.227000000000000000e+03 2.080000000000000000e+03
3.210000000000000000e+03 2.110000000000000000e+03
1.927000000000000000e+03 2.097000000000000000e+03
1.674000000000000000e+03 2.122000000000000000e+03
2.128000000000000000e+03 2.398000000000000000e+03
2.037000000000000000e+03 2.037000000000000000e+03
2.111000000000000000e+03 2.224000000000000000e+03
1.794000000000000000e+03 2.188000000000000000e+03
3.240000000000000000e+03 2.060000000000000000e+03
2.044000000000000000e+03 2.422000000000000000e+03
1.873000000000000000e+03 2.196000000000000000e+03
3.124000000000000000e+03 2.093000000000000000e+03
2.163000000000000000e+03 2.394000000000000000e+03
3.137000000000000000e+03 2.468000000000000000e+03
1.814000000000000000e+03 2.134000000000000000e+03
3.146000000000000000e+03 2.122000000000000000e+03
2.126000000000000000e+03 2.400000000000000000e+03
1.728000000000000000e+03 2.059000000000000000e+03
2.036000000000000000e+03 2.387000000000000000e+03
2.103000000000000000e+03 2.455000000000000000e+03
2.175000000000000000e+03 2.403000000000000000e+03
1.960000000000000000e+03 2.495000000000000000e+03
3.204000000000000000e+03 2.163000000000000000e+03
3.282000000000000000e+03 2.064000000000000000e+03
2.153000000000000000e+03 2.324000000000000000e+03
3.269000000000000000e+03 2.139000000000000000e+03
2.034000000000000000e+03 2.346000000000000000e+03
1.873000000000000000e+03 2.545000000000000000e+03
2.184000000000000000e+03 2.242000000000000000e+03
2.038000000000000000e+03 2.031000000000000000e+03
3.227000000000000000e+03 2.670000000000000000e+03
2.066000000000000000e+03 2.348000000000000000e+03
2.082000000000000000e+03 2.348000000000000000e+03
3.237000000000000000e+03 2.127000000000000000e+03
3.190000000000000000e+03 2.122000000000000000e+03
3.227000000000000000e+03 2.077000000000000000e+03
1.759000000000000000e+03 2.045000000000000000e+03
2.076000000000000000e+03 2.369000000000000000e+03
2.064000000000000000e+03 2.381000000000000000e+03
3.154000000000000000e+03 2.577000000000000000e+03
3.171000000000000000e+03 2.087000000000000000e+03
1.825000000000000000e+03 2.114000000000000000e+03
3.205000000000000000e+03 2.094000000000000000e+03
1.844000000000000000e+03 2.107000000000000000e+03
1.771000000000000000e+03 2.580000000000000000e+03
3.186000000000000000e+03 2.202000000000000000e+03
3.179000000000000000e+03 2.176000000000000000e+03
1.830000000000000000e+03 2.231000000000000000e+03
2.116000000000000000e+03 2.289000000000000000e+03
3.315000000000000000e+03 2.588000000000000000e+03
1.803000000000000000e+03 2.801000000000000000e+03
3.192000000000000000e+03 2.139000000000000000e+03
1.739000000000000000e+03 2.238000000000000000e+03
3.182000000000000000e+03 2.570000000000000000e+03
1.867000000000000000e+03 2.592000000000000000e+03
1.931000000000000000e+03 2.175000000000000000e+03
2.255000000000000000e+03 2.334000000000000000e+03
1.840000000000000000e+03 2.542000000000000000e+03
2.056000000000000000e+03 2.415000000000000000e+03
1.897000000000000000e+03 2.574000000000000000e+03
3.130000000000000000e+03 2.014000000000000000e+03
1.975000000000000000e+03 2.395000000000000000e+03
1.808000000000000000e+03 2.554000000000000000e+03
1.850000000000000000e+03 2.270000000000000000e+03
3.241000000000000000e+03 2.117000000000000000e+03
1.892000000000000000e+03 2.550000000000000000e+03
3.224000000000000000e+03 2.120000000000000000e+03
3.226000000000000000e+03 2.089000000000000000e+03
3.263000000000000000e+03 2.721000000000000000e+03
1.885000000000000000e+03 2.107000000000000000e+03
3.106000000000000000e+03 2.600000000000000000e+03
1.795000000000000000e+03 2.209000000000000000e+03
3.018000000000000000e+03 2.526000000000000000e+03
1.851000000000000000e+03 2.371000000000000000e+03
2.147000000000000000e+03 2.306000000000000000e+03
1.910000000000000000e+03 2.571000000000000000e+03
2.009000000000000000e+03 2.417000000000000000e+03
1.843000000000000000e+03 2.331000000000000000e+03
1.900000000000000000e+03 2.198000000000000000e+03
3.066000000000000000e+03 2.262000000000000000e+03
1.865000000000000000e+03 2.569000000000000000e+03
1.848000000000000000e+03 2.542000000000000000e+03
3.327000000000000000e+03 2.536000000000000000e+03
1.985000000000000000e+03 2.514000000000000000e+03
3.029000000000000000e+03 2.560000000000000000e+03
3.033000000000000000e+03 2.522000000000000000e+03
1.962000000000000000e+03 2.138000000000000000e+03
3.189000000000000000e+03 2.182000000000000000e+03
3.234000000000000000e+03 2.539000000000000000e+03
1.847000000000000000e+03 2.118000000000000000e+03
3.228000000000000000e+03 2.082000000000000000e+03
3.218000000000000000e+03 2.522000000000000000e+03
2.204000000000000000e+03 2.450000000000000000e+03
1.865000000000000000e+03 2.507000000000000000e+03
1.895000000000000000e+03 2.091000000000000000e+03
2.102000000000000000e+03 2.351000000000000000e+03
3.131000000000000000e+03 2.663000000000000000e+03
2.154000000000000000e+03 2.296000000000000000e+03
3.302000000000000000e+03 2.609000000000000000e+03
1.782000000000000000e+03 2.565000000000000000e+03
1.856000000000000000e+03 2.076000000000000000e+03
3.255000000000000000e+03 2.097000000000000000e+03
1.828000000000000000e+03 1.961000000000000000e+03
1.866000000000000000e+03 2.457000000000000000e+03
3.151000000000000000e+03 2.138000000000000000e+03
1.736000000000000000e+03 2.609000000000000000e+03
3.176000000000000000e+03 2.103000000000000000e+03
1.944000000000000000e+03 2.166000000000000000e+03
2.208000000000000000e+03 2.355000000000000000e+03
3.207000000000000000e+03 2.421000000000000000e+03
1.812000000000000000e+03 2.491000000000000000e+03
3.132000000000000000e+03 2.564000000000000000e+03
1.874000000000000000e+03 2.070000000000000000e+03
3.251000000000000000e+03 2.534000000000000000e+03
2.115000000000000000e+03 2.297000000000000000e+03
3.143000000000000000e+03 2.640000000000000000e+03
3.236000000000000000e+03 2.174000000000000000e+03
1.860000000000000000e+03 2.520000000000000000e+03
1.818000000000000000e+03 2.170000000000000000e+03
1.842000000000000000e+03 2.580000000000000000e+03
3.250000000000000000e+03 2.621000000000000000e+03
1.866000000000000000e+03 2.431000000000000000e+03
1.867000000000000000e+03 2.651000000000000000e+03
3.165000000000000000e+03 2.586000000000000000e+03
3.135000000000000000e+03 2.579000000000000000e+03
3.189000000000000000e+03 2.149000000000000000e+03
3.273000000000000000e+03 2.649000000000000000e+03
2.148000000000000000e+03 2.478000000000000000e+03
1.931000000000000000e+03 2.170000000000000000e+03
3.200000000000000000e+03 2.179000000000000000e+03
3.267000000000000000e+03 2.472000000000000000e+03
3.239000000000000000e+03 2.113000000000000000e+03
1.874000000000000000e+03 2.622000000000000000e+03
3.159000000000000000e+03 2.129000000000000000e+03
1.807000000000000000e+03 2.231000000000000000e+03
3.209000000000000000e+03 2.107000000000000000e+03
3.139000000000000000e+03 2.122000000000000000e+03
1.791000000000000000e+03 2.025000000000000000e+03
3.372000000000000000e+03 2.693000000000000000e+03
2.979000000000000000e+03 2.511000000000000000e+03
3.202000000000000000e+03 2.166000000000000000e+03
2.183000000000000000e+03 2.412000000000000000e+03
2.117000000000000000e+03 2.357000000000000000e+03
1.903000000000000000e+03 2.434000000000000000e+03
1.837000000000000000e+03 1.970000000000000000e+03
1.777000000000000000e+03 2.267000000000000000e+03
1.696000000000000000e+03 2.042000000000000000e+03
2.206000000000000000e+03 2.417000000000000000e+03
1.863000000000000000e+03 1.927000000000000000e+03
2.086000000000000000e+03 2.395000000000000000e+03
1.774000000000000000e+03 2.532000000000000000e+03
1.908000000000000000e+03 2.458000000000000000e+03
1.852000000000000000e+03 2.539000000000000000e+03
3.376000000000000000e+03 2.593000000000000000e+03
2.019000000000000000e+03 2.172000000000000000e+03
2.087000000000000000e+03 2.385000000000000000e+03
1.910000000000000000e+03 2.559000000000000000e+03
1.643000000000000000e+03 2.171000000000000000e+03
3.207000000000000000e+03 2.142000000000000000e+03
2.991000000000000000e+03 2.442000000000000000e+03
2.027000000000000000e+03 2.459000000000000000e+03
1.810000000000000000e+03 2.258000000000000000e+03
1.756000000000000000e+03 2.562000000000000000e+03
3.193000000000000000e+03 2.011000000000000000e+03
2.062000000000000000e+03 2.388000000000000000e+03
2.081000000000000000e+03 2.365000000000000000e+03
3.305000000000000000e+03 2.532000000000000000e+03
1.864000000000000000e+03 2.659000000000000000e+03
2.101000000000000000e+03 2.399000000000000000e+03
3.274000000000000000e+03 2.577000000000000000e+03
3.154000000000000000e+03 2.635000000000000000e+03
1.665000000000000000e+03 2.333000000000000000e+03
1.773000000000000000e+03 2.239000000000000000e+03
1.805000000000000000e+03 2.089000000000000000e+03
3.277000000000000000e+03 2.539000000000000000e+03
3.207000000000000000e+03 2.745000000000000000e+03
2.208000000000000000e+03 2.346000000000000000e+03
3.329000000000000000e+03 2.524000000000000000e+03
3.142000000000000000e+03 2.116000000000000000e+03
3.201000000000000000e+03 2.184000000000000000e+03
3.242000000000000000e+03 2.475000000000000000e+03
1.876000000000000000e+03 2.078000000000000000e+03
1.784000000000000000e+03 1.930000000000000000e+03
3.165000000000000000e+03 2.191000000000000000e+03
1.716000000000000000e+03 2.627000000000000000e+03
3.109000000000000000e+03 2.403000000000000000e+03
2.106000000000000000e+03 2.462000000000000000e+03
1.838000000000000000e+03 2.014000000000000000e+03
1.781000000000000000e+03 2.583000000000000000e+03
3.031000000000000000e+03 2.565000000000000000e+03
1.921000000000000000e+03 2.410000000000000000e+03
1.769000000000000000e+03 2.517000000000000000e+03
1.880000000000000000e+03 2.570000000000000000e+03
2.105000000000000000e+03 2.382000000000000000e+03
3.206000000000000000e+03 2.093000000000000000e+03
3.260000000000000000e+03 2.097000000000000000e+03
1.887000000000000000e+03 2.495000000000000000e+03
1.859000000000000000e+03 2.184000000000000000e+03
1.821000000000000000e+03 2.582000000000000000e+03
3.241000000000000000e+03 2.588000000000000000e+03
3.295000000000000000e+03 2.153000000000000000e+03
2.196000000000000000e+03 2.393000000000000000e+03
3.096000000000000000e+03 2.707000000000000000e+03
1.909000000000000000e+03 2.105000000000000000e+03
1.838000000000000000e+03 1.949000000000000000e+03
1.794000000000000000e+03 2.591000000000000000e+03
2.112000000000000000e+03 2.253000000000000000e+03
3.106000000000000000e+03 2.623000000000000000e+03
1.926000000000000000e+03 2.530000000000000000e+03
3.272000000000000000e+03 2.753000000000000000e+03
1.886000000000000000e+03 2.056000000000000000e+03
1.830000000000000000e+03 2.457000000000000000e+03
3.181000000000000000e+03 2.754000000000000000e+03
1.778000000000000000e+03 2.583000000000000000e+03
3.178000000000000000e+03 2.110000000000000000e+03
1.865000000000000000e+03 2.341000000000000000e+03
3.160000000000000000e+03 2.174000000000000000e+03
1.896000000000000000e+03 2.497000000000000000e+03
3.207000000000000000e+03 2.116000000000000000e+03
1.811000000000000000e+03 2.022000000000000000e+03
1.802000000000000000e+03 2.573000000000000000e+03
1.905000000000000000e+03 2.686000000000000000e+03
3.133000000000000000e+03 2.141000000000000000e+03
1.780000000000000000e+03 2.390000000000000000e+03
2.084000000000000000e+03 2.333000000000000000e+03
3.198000000000000000e+03 2.650000000000000000e+03
3.164000000000000000e+03 2.127000000000000000e+03
1.785000000000000000e+03 2.657000000000000000e+03
3.071000000000000000e+03 2.454000000000000000e+03
1.795000000000000000e+03 2.224000000000000000e+03
3.139000000000000000e+03 2.125000000000000000e+03
2.037000000000000000e+03 2.358000000000000000e+03
2.010000000000000000e+03 2.358000000000000000e+03
2.023000000000000000e+03 2.360000000000000000e+03
3.237000000000000000e+03 2.210000000000000000e+03
1.845000000000000000e+03 1.999000000000000000e+03
3.136000000000000000e+03 2.624000000000000000e+03
1.930000000000000000e+03 2.072000000000000000e+03
3.096000000000000000e+03 2.653000000000000000e+03
3.181000000000000000e+03 2.045000000000000000e+03
3.170000000000000000e+03 2.434000000000000000e+03
3.216000000000000000e+03 2.612000000000000000e+03
2.104000000000000000e+03 2.378000000000000000e+03
3.347000000000000000e+03 2.567000000000000000e+03
1.826000000000000000e+03 2.577000000000000000e+03
1.900000000000000000e+03 2.226000000000000000e+03
1.736000000000000000e+03 2.596000000000000000e+03
1.787000000000000000e+03 2.547000000000000000e+03
2.106000000000000000e+03 2.395000000000000000e+03
1.847000000000000000e+03 2.147000000000000000e+03
3.175000000000000000e+03 2.146000000000000000e+03
1.852000000000000000e+03 2.489000000000000000e+03
1.691000000000000000e+03 2.176000000000000000e+03
3.324000000000000000e+03 2.162000000000000000e+03
2.059000000000000000e+03 2.289000000000000000e+03
2.089000000000000000e+03 2.341000000000000000e+03
1.837000000000000000e+03 2.213000000000000000e+03
1.872000000000000000e+03 2.538000000000000000e+03
3.155000000000000000e+03 2.645000000000000000e+03
3.266000000000000000e+03 2.160000000000000000e+03
2.127000000000000000e+03 2.389000000000000000e+03
1.801000000000000000e+03 2.190000000000000000e+03
2.168000000000000000e+03 2.486000000000000000e+03
3.235000000000000000e+03 2.515000000000000000e+03
3.083000000000000000e+03 2.574000000000000000e+03
3.232000000000000000e+03 2.197000000000000000e+03
1.852000000000000000e+03 2.437000000000000000e+03
3.133000000000000000e+03 2.689000000000000000e+03
3.062000000000000000e+03 2.536000000000000000e+03
1.767000000000000000e+03 2.410000000000000000e+03
1.765000000000000000e+03 2.524000000000000000e+03
3.148000000000000000e+03 2.610000000000000000e+03
3.235000000000000000e+03 2.136000000000000000e+03
1.682000000000000000e+03 1.985000000000000000e+03
3.424000000000000000e+03 2.581000000000000000e+03
1.879000000000000000e+03 2.144000000000000000e+03
1.934000000000000000e+03 2.631000000000000000e+03
1.748000000000000000e+03 2.292000000000000000e+03
2.154000000000000000e+03 2.318000000000000000e+03
3.345000000000000000e+03 2.663000000000000000e+03
1.820000000000000000e+03 2.559000000000000000e+03
3.215000000000000000e+03 2.050000000000000000e+03
1.806000000000000000e+03 2.312000000000000000e+03
3.126000000000000000e+03 2.549000000000000000e+03
3.207000000000000000e+03 2.092000000000000000e+03
1.883000000000000000e+03 2.100000000000000000e+03
2.055000000000000000e+03 2.364000000000000000e+03
3.167000000000000000e+03 2.186000000000000000e+03
3.166000000000000000e+03 2.089000000000000000e+03
3.270000000000000000e+03 2.111000000000000000e+03
3.265000000000000000e+03 2.222000000000000000e+03
3.235000000000000000e+03 2.242000000000000000e+03
1.890000000000000000e+03 2.627000000000000000e+03
3.145000000000000000e+03 2.055000000000000000e+03
3.260000000000000000e+03 2.074000000000000000e+03
2.015000000000000000e+03 2.150000000000000000e+03
3.060000000000000000e+03 2.643000000000000000e+03
3.186000000000000000e+03 2.529000000000000000e+03
1.822000000000000000e+03 2.524000000000000000e+03
2.135000000000000000e+03 2.443000000000000000e+03
3.253000000000000000e+03 2.691000000000000000e+03
2.214000000000000000e+03 2.389000000000000000e+03
3.109000000000000000e+03 2.234000000000000000e+03
3.152000000000000000e+03 2.168000000000000000e+03
3.244000000000000000e+03 2.196000000000000000e+03
3.183000000000000000e+03 2.091000000000000000e+03
3.170000000000000000e+03 2.118000000000000000e+03
1.762000000000000000e+03 2.366000000000000000e+03
3.188000000000000000e+03 2.718000000000000000e+03
3.138000000000000000e+03 2.102000000000000000e+03
3.172000000000000000e+03 2.582000000000000000e+03
1.870000000000000000e+03 2.458000000000000000e+03
1.849000000000000000e+03 2.333000000000000000e+03
3.241000000000000000e+03 2.469000000000000000e+03
2.199000000000000000e+03 2.427000000000000000e+03
2.098000000000000000e+03 2.427000000000000000e+03
2.184000000000000000e+03 2.453000000000000000e+03
1.854000000000000000e+03 2.661000000000000000e+03
2.036000000000000000e+03 2.352000000000000000e+03
1.893000000000000000e+03 1.898000000000000000e+03
1.809000000000000000e+03 2.553000000000000000e+03
3.099000000000000000e+03 2.689000000000000000e+03
1.795000000000000000e+03 2.451000000000000000e+03
1.770000000000000000e+03 2.537000000000000000e+03
1.910000000000000000e+03 2.634000000000000000e+03
1.850000000000000000e+03 1.973000000000000000e+03
3.461000000000000000e+03 2.537000000000000000e+03
3.168000000000000000e+03 2.110000000000000000e+03
3.121000000000000000e+03 2.615000000000000000e+03
3.225000000000000000e+03 2.053000000000000000e+03
1.918000000000000000e+03 2.500000000000000000e+03
2.056000000000000000e+03 2.374000000000000000e+03
2.124000000000000000e+03 2.321000000000000000e+03
3.365000000000000000e+03 2.417000000000000000e+03
3.200000000000000000e+03 2.593000000000000000e+03
3.231000000000000000e+03 2.696000000000000000e+03
1.748000000000000000e+03 2.594000000000000000e+03
3.250000000000000000e+03 2.141000000000000000e+03
1.865000000000000000e+03 2.592000000000000000e+03
3.254000000000000000e+03 2.181000000000000000e+03
3.318000000000000000e+03 2.149000000000000000e+03
1.868000000000000000e+03 2.678000000000000000e+03
2.247000000000000000e+03 2.285000000000000000e+03
1.925000000000000000e+03 2.375000000000000000e+03
1.716000000000000000e+03 1.984000000000000000e+03
3.311000000000000000e+03 2.704000000000000000e+03
3.130000000000000000e+03 2.184000000000000000e+03
1.834000000000000000e+03 2.064000000000000000e+03
1.845000000000000000e+03 2.599000000000000000e+03
1.794000000000000000e+03 2.096000000000000000e+03
1.907000000000000000e+03 2.574000000000000000e+03
3.132000000000000000e+03 2.550000000000000000e+03
3.204000000000000000e+03 2.166000000000000000e+03
3.342000000000000000e+03 2.593000000000000000e+03
3.172000000000000000e+03 2.051000000000000000e+03
1.595000000000000000e+03 2.047000000000000000e+03
1.741000000000000000e+03 2.682000000000000000e+03
1.734000000000000000e+03 2.485000000000000000e+03
3.230000000000000000e+03 2.045000000000000000e+03
3.160000000000000000e+03 2.571000000000000000e+03
1.859000000000000000e+03 2.625000000000000000e+03
1.910000000000000000e+03 2.539000000000000000e+03
1.847000000000000000e+03 2.459000000000000000e+03
2.186000000000000000e+03 2.422000000000000000e+03
3.253000000000000000e+03 2.164000000000000000e+03
1.942000000000000000e+03 2.074000000000000000e+03
2.078000000000000000e+03 2.307000000000000000e+03
1.839000000000000000e+03 2.093000000000000000e+03
2.106000000000000000e+03 2.441000000000000000e+03
2.231000000000000000e+03 2.393000000000000000e+03
1.798000000000000000e+03 2.069000000000000000e+03
1.823000000000000000e+03 2.564000000000000000e+03
2.101000000000000000e+03 2.354000000000000000e+03
2.036000000000000000e+03 2.318000000000000000e+03
3.317000000000000000e+03 2.507000000000000000e+03
3.145000000000000000e+03 2.748000000000000000e+03
1.943000000000000000e+03 2.541000000000000000e+03
1.805000000000000000e+03 2.481000000000000000e+03
1.709000000000000000e+03 2.195000000000000000e+03
1.836000000000000000e+03 2.207000000000000000e+03
1.963000000000000000e+03 2.455000000000000000e+03
1.783000000000000000e+03 2.599000000000000000e+03
1.949000000000000000e+03 1.952000000000000000e+03
3.220000000000000000e+03 2.109000000000000000e+03
3.255000000000000000e+03 2.608000000000000000e+03
3.194000000000000000e+03 2.149000000000000000e+03
1.934000000000000000e+03 2.091000000000000000e+03
1.812000000000000000e+03 2.535000000000000000e+03
1.895000000000000000e+03 2.103000000000000000e+03
1.894000000000000000e+03 2.614000000000000000e+03
3.177000000000000000e+03 2.233000000000000000e+03
3.329000000000000000e+03 2.556000000000000000e+03
2.060000000000000000e+03 2.304000000000000000e+03
2.123000000000000000e+03 2.279000000000000000e+03
2.052000000000000000e+03 1.941000000000000000e+03
2.103000000000000000e+03 2.320000000000000000e+03
1.834000000000000000e+03 2.507000000000000000e+03
3.255000000000000000e+03 2.132000000000000000e+03
2.118000000000000000e+03 2.386000000000000000e+03
2.003000000000000000e+03 2.721000000000000000e+03
2.073000000000000000e+03 2.385000000000000000e+03
1.891000000000000000e+03 2.574000000000000000e+03
2.082000000000000000e+03 2.441000000000000000e+03
3.185000000000000000e+03 2.688000000000000000e+03
1.975000000000000000e+03 2.630000000000000000e+03
1.946000000000000000e+03 2.507000000000000000e+03
1.729000000000000000e+03 2.094000000000000000e+03
1.821000000000000000e+03 2.580000000000000000e+03
1.920000000000000000e+03 2.037000000000000000e+03
2.008000000000000000e+03 2.572000000000000000e+03
3.242000000000000000e+03 2.652000000000000000e+03
1.827000000000000000e+03 2.145000000000000000e+03
1.733000000000000000e+03 2.528000000000000000e+03
2.100000000000000000e+03 2.441000000000000000e+03
1.756000000000000000e+03 2.024000000000000000e+03
3.180000000000000000e+03 2.510000000000000000e+03
3.069000000000000000e+03 2.413000000000000000e+03
2.132000000000000000e+03 2.384000000000000000e+03
1.874000000000000000e+03 2.243000000000000000e+03
1.944000000000000000e+03 2.611000000000000000e+03
3.202000000000000000e+03 2.473000000000000000e+03
1.939000000000000000e+03 2.612000000000000000e+03
3.045000000000000000e+03 2.557000000000000000e+03
3.165000000000000000e+03 2.034000000000000000e+03
1.797000000000000000e+03 2.188000000000000000e+03
1.885000000000000000e+03 2.542000000000000000e+03
1.871000000000000000e+03 2.082000000000000000e+03
2.028000000000000000e+03 2.319000000000000000e+03
3.200000000000000000e+03 2.170000000000000000e+03
1.713000000000000000e+03 2.528000000000000000e+03
1.846000000000000000e+03 2.552000000000000000e+03
2.105000000000000000e+03 2.422000000000000000e+03
2.135000000000000000e+03 2.373000000000000000e+03
3.159000000000000000e+03 2.109000000000000000e+03
2.170000000000000000e+03 2.356000000000000000e+03
1.906000000000000000e+03 2.286000000000000000e+03
1.873000000000000000e+03 2.638000000000000000e+03
2.089000000000000000e+03 2.396000000000000000e+03
1.795000000000000000e+03 2.638000000000000000e+03
2.035000000000000000e+03 2.443000000000000000e+03
1.896000000000000000e+03 2.196000000000000000e+03
3.080000000000000000e+03 2.448000000000000000e+03
3.285000000000000000e+03 2.569000000000000000e+03
3.189000000000000000e+03 2.087000000000000000e+03
3.161000000000000000e+03 2.152000000000000000e+03
1.859000000000000000e+03 2.649000000000000000e+03
3.234000000000000000e+03 2.034000000000000000e+03
1.853000000000000000e+03 2.123000000000000000e+03
2.028000000000000000e+03 2.067000000000000000e+03
3.180000000000000000e+03 2.136000000000000000e+03
3.283000000000000000e+03 2.745000000000000000e+03
2.219000000000000000e+03 2.354000000000000000e+03
1.898000000000000000e+03 2.281000000000000000e+03
3.159000000000000000e+03 2.444000000000000000e+03
3.215000000000000000e+03 2.529000000000000000e+03
2.205000000000000000e+03 2.509000000000000000e+03
1.767000000000000000e+03 1.960000000000000000e+03
1.725000000000000000e+03 2.019000000000000000e+03
1.898000000000000000e+03 2.647000000000000000e+03
3.226000000000000000e+03 2.548000000000000000e+03
1.947000000000000000e+03 2.515000000000000000e+03
1.839000000000000000e+03 2.444000000000000000e+03
1.875000000000000000e+03 2.083000000000000000e+03
3.132000000000000000e+03 2.615000000000000000e+03
1.779000000000000000e+03 2.622000000000000000e+03
1.925000000000000000e+03 2.132000000000000000e+03
3.266000000000000000e+03 2.437000000000000000e+03
2.004000000000000000e+03 2.112000000000000000e+03
1.905000000000000000e+03 2.555000000000000000e+03
3.335000000000000000e+03 2.473000000000000000e+03
3.257000000000000000e+03 2.115000000000000000e+03
1.822000000000000000e+03 1.997000000000000000e+03
3.143000000000000000e+03 2.524000000000000000e+03
3.177000000000000000e+03 2.074000000000000000e+03
1.797000000000000000e+03 2.532000000000000000e+03
3.181000000000000000e+03 2.148000000000000000e+03
3.207000000000000000e+03 2.601000000000000000e+03
1.931000000000000000e+03 2.216000000000000000e+03
1.707000000000000000e+03 2.615000000000000000e+03
3.308000000000000000e+03 2.629000000000000000e+03
1.681000000000000000e+03 2.067000000000000000e+03
2.114000000000000000e+03 2.272000000000000000e+03
2.042000000000000000e+03 2.456000000000000000e+03
3.220000000000000000e+03 2.034000000000000000e+03
1.660000000000000000e+03 2.498000000000000000e+03
3.114000000000000000e+03 2.141000000000000000e+03
2.157000000000000000e+03 2.412000000000000000e+03
3.186000000000000000e+03 2.447000000000000000e+03
2.123000000000000000e+03 2.406000000000000000e+03
3.149000000000000000e+03 2.002000000000000000e+03
1.751000000000000000e+03 2.071000000000000000e+03
2.180000000000000000e+03 2.325000000000000000e+03
3.272000000000000000e+03 2.621000000000000000e+03
3.221000000000000000e+03 2.182000000000000000e+03
3.154000000000000000e+03 2.237000000000000000e+03
3.213000000000000000e+03 2.099000000000000000e+03
2.102000000000000000e+03 2.282000000000000000e+03
1.932000000000000000e+03 2.585000000000000000e+03
3.320000000000000000e+03 2.606000000000000000e+03
3.209000000000000000e+03 2.257000000000000000e+03
3.088000000000000000e+03 2.653000000000000000e+03
2.144000000000000000e+03 2.478000000000000000e+03
3.215000000000000000e+03 2.107000000000000000e+03
1.792000000000000000e+03 2.468000000000000000e+03
3.167000000000000000e+03 2.128000000000000000e+03
2.136000000000000000e+03 2.382000000000000000e+03
3.195000000000000000e+03 2.229000000000000000e+03
1.765000000000000000e+03 2.061000000000000000e+03
2.089000000000000000e+03 2.267000000000000000e+03
1.803000000000000000e+03 2.201000000000000000e+03
3.197000000000000000e+03 2.460000000000000000e+03
3.181000000000000000e+03 2.577000000000000000e+03
2.051000000000000000e+03 2.295000000000000000e+03
1.811000000000000000e+03 2.505000000000000000e+03
3.220000000000000000e+03 2.106000000000000000e+03
1.846000000000000000e+03 2.457000000000000000e+03
1.904000000000000000e+03 2.586000000000000000e+03
1.795000000000000000e+03 2.543000000000000000e+03
1.918000000000000000e+03 2.563000000000000000e+03
1.820000000000000000e+03 2.545000000000000000e+03
3.220000000000000000e+03 2.525000000000000000e+03
1.888000000000000000e+03 2.085000000000000000e+03
2.084000000000000000e+03 2.387000000000000000e+03
1.876000000000000000e+03 2.623000000000000000e+03
2.076000000000000000e+03 2.306000000000000000e+03
1.915000000000000000e+03 2.605000000000000000e+03
2.133000000000000000e+03 2.331000000000000000e+03
1.816000000000000000e+03 2.525000000000000000e+03
1.879000000000000000e+03 2.055000000000000000e+03
2.066000000000000000e+03 2.315000000000000000e+03
2.121000000000000000e+03 2.284000000000000000e+03
1.790000000000000000e+03 2.625000000000000000e+03
3.091000000000000000e+03 2.514000000000000000e+03
3.271000000000000000e+03 2.581000000000000000e+03
3.236000000000000000e+03 2.102000000000000000e+03
1.764000000000000000e+03 2.262000000000000000e+03
2.127000000000000000e+03 2.376000000000000000e+03
1.783000000000000000e+03 2.536000000000000000e+03
1.863000000000000000e+03 1.995000000000000000e+03
3.209000000000000000e+03 2.178000000000000000e+03
1.991000000000000000e+03 2.334000000000000000e+03
1.782000000000000000e+03 2.236000000000000000e+03
3.174000000000000000e+03 2.536000000000000000e+03
3.200000000000000000e+03 2.729000000000000000e+03
1.910000000000000000e+03 2.275000000000000000e+03
2.186000000000000000e+03 2.494000000000000000e+03
3.271000000000000000e+03 2.526000000000000000e+03
1.631000000000000000e+03 2.052000000000000000e+03
1.924000000000000000e+03 2.586000000000000000e+03
3.142000000000000000e+03 2.499000000000000000e+03
2.242000000000000000e+03 2.323000000000000000e+03
3.367000000000000000e+03 2.641000000000000000e+03
1.783000000000000000e+03 2.131000000000000000e+03
1.753000000000000000e+03 2.203000000000000000e+03
1.921000000000000000e+03 2.084000000000000000e+03
1.824000000000000000e+03 2.597000000000000000e+03
1.764000000000000000e+03 2.606000000000000000e+03
1.925000000000000000e+03 2.444000000000000000e+03
2.032000000000000000e+03 2.383000000000000000e+03
3.136000000000000000e+03 2.126000000000000000e+03
1.897000000000000000e+03 2.535000000000000000e+03
2.040000000000000000e+03 2.334000000000000000e+03
1.961000000000000000e+03 1.999000000000000000e+03
1.794000000000000000e+03 2.268000000000000000e+03
1.803000000000000000e+03 2.213000000000000000e+03
1.756000000000000000e+03 2.106000000000000000e+03
3.237000000000000000e+03 2.561000000000000000e+03
3.274000000000000000e+03 2.034000000000000000e+03
1.782000000000000000e+03 2.005000000000000000e+03
1.797000000000000000e+03 2.095000000000000000e+03
2.023000000000000000e+03 2.503000000000000000e+03
3.201000000000000000e+03 2.155000000000000000e+03
2.071000000000000000e+03 2.438000000000000000e+03
3.220000000000000000e+03 2.167000000000000000e+03
3.222000000000000000e+03 2.741000000000000000e+03
1.765000000000000000e+03 2.108000000000000000e+03
3.078000000000000000e+03 2.531000000000000000e+03
3.243000000000000000e+03 2.591000000000000000e+03
2.110000000000000000e+03 2.520000000000000000e+03
2.053000000000000000e+03 2.260000000000000000e+03
3.163000000000000000e+03 2.674000000000000000e+03
1.845000000000000000e+03 2.662000000000000000e+03
2.688100097656250000e+03 1.700000000000000000e+03
2.540000000000000000e+03 2.900000000000000000e+03
3.700000000000000000e+03 1.715000000000000000e+03
3.743000000000000000e+03 2.960000000000000000e+03
1.400000000000000000e+03 3.050000000000000000e+03
1.576000000000000000e+03 2.932000000000000000e+03
1.472000000000000000e+03 2.687000000000000000e+03
1.420000000000000000e+03 2.369000000000000000e+03
1.385000000000000000e+03 2.105000000000000000e+03
1.522000000000000000e+03 1.808000000000000000e+03
1.719000000000000000e+03 1.718000000000000000e+03
2.019000000000000000e+03 1.688000000000000000e+03
2.301000000000000000e+03 1.903000000000000000e+03
2.315000000000000000e+03 2.144000000000000000e+03
2.572000000000000000e+03 2.137000000000000000e+03
2.559000000000000000e+03 1.890000000000000000e+03
2.367000000000000000e+03 1.669000000000000000e+03
3.003000000000000000e+03 1.652000000000000000e+03
3.060000000000000000e+03 1.858000000000000000e+03
2.925000000000000000e+03 2.039000000000000000e+03
2.847000000000000000e+03 2.288000000000000000e+03
2.816000000000000000e+03 1.864000000000000000e+03
3.238000000000000000e+03 1.714000000000000000e+03
3.444000000000000000e+03 1.868000000000000000e+03
3.678000000000000000e+03 2.001000000000000000e+03
3.503000000000000000e+03 2.118000000000000000e+03
3.495000000000000000e+03 2.299000000000000000e+03
3.663000000000000000e+03 2.432000000000000000e+03
3.628000000000000000e+03 2.655000000000000000e+03
3.576000000000000000e+03 2.854000000000000000e+03
3.439000000000000000e+03 3.047000000000000000e+03
3.164000000000000000e+03 3.016000000000000000e+03
2.892000000000000000e+03 3.002000000000000000e+03
2.748000000000000000e+03 2.786000000000000000e+03
2.580000000000000000e+03 2.561000000000000000e+03
2.636000000000000000e+03 2.333000000000000000e+03
2.403000000000000000e+03 2.407000000000000000e+03
2.332000000000000000e+03 2.659000000000000000e+03
2.565000000000000000e+03 2.741000000000000000e+03
2.315000000000000000e+03 3.034000000000000000e+03
2.130000000000000000e+03 2.868000000000000000e+03
2.031000000000000000e+03 3.080000000000000000e+03
1.782000000000000000e+03 3.006000000000000000e+03
2.774000000000000000e+03 2.547000000000000000e+03
2.675000000000000000e+03 3.087000000000000000e+03
2.717000000000000000e+03 2.012000000000000000e+03
