3.674699068069458008e-01 9.816176295280456543e-01
3.478915393352508545e-01 9.411764740943908691e-01
3.343373537063598633e-01 9.705882668495178223e-01
3.253011703491210938e-01 9.871323108673095703e-01
3.132529854774475098e-01 9.595587849617004395e-01
3.012048006057739258e-01 9.742647409439086914e-01
2.906626462936401367e-01 1.000000000000000000e+00
3.042168617248535156e-01 9.393382668495178223e-01
3.087349236011505127e-01 9.025735259056091309e-01
2.846385836601257324e-01 9.338235259056091309e-01
2.725903391838073730e-01 9.522058963775634766e-01
2.695783376693725586e-01 9.724264740943908691e-01
2.665662765502929688e-01 9.816176295280456543e-01
3.027108013629913330e-01 8.511029481887817383e-01
2.891566455364227295e-01 8.823530077934265137e-01
2.876505851745605469e-01 9.025735259056091309e-01
2.560240924358367920e-01 9.209558963775634766e-01
2.409638464450836182e-01 9.577205777168273926e-01
2.349397391080856323e-01 9.834558963775634766e-01
2.379518002271652222e-01 9.356617331504821777e-01
2.228915691375732422e-01 9.466912150382995605e-01
2.153614461421966553e-01 9.705882668495178223e-01
1.897590160369873047e-01 9.742647409439086914e-01
2.078313231468200684e-01 9.301470518112182617e-01
2.228915691375732422e-01 9.044117331504821777e-01
2.515060305595397949e-01 8.970588445663452148e-01
2.484939694404602051e-01 8.805146813392639160e-01
2.575300931930541992e-01 8.492646813392639160e-01
2.786144614219665527e-01 8.125000000000000000e-01
2.575300931930541992e-01 8.290441036224365234e-01
2.334337383508682251e-01 8.547794222831726074e-01
2.168674767017364502e-01 8.529411554336547852e-01
2.018072307109832764e-01 8.823530077934265137e-01
1.807229071855545044e-01 9.062500000000000000e-01
1.792168766260147095e-01 9.301470518112182617e-01
1.762048155069351196e-01 9.503676295280456543e-01
1.250000000000000000e-01 9.669117927551269531e-01
1.566265076398849487e-01 9.375000596046447754e-01
1.551204770803451538e-01 9.227941036224365234e-01
1.415662765502929688e-01 9.283088445663452148e-01
1.355421692132949829e-01 9.136029481887817383e-01
1.189759075641632080e-01 9.356617331504821777e-01
1.039156690239906311e-01 9.154412150382995605e-01
1.099397614598274231e-01 9.025735259056091309e-01
1.265060305595397949e-01 8.952205777168273926e-01
1.566265076398849487e-01 8.952205777168273926e-01
1.701807230710983276e-01 8.786764740943908691e-01
1.581325381994247437e-01 8.713235259056091309e-01
1.822289079427719116e-01 8.676470518112182617e-01
1.536144465208053589e-01 8.492646813392639160e-01
1.656626611948013306e-01 8.327206373214721680e-01
1.897590160369873047e-01 8.363971114158630371e-01
2.168674767017364502e-01 8.235294222831726074e-01
2.319277077913284302e-01 8.069852590560913086e-01
2.168674767017364502e-01 7.941176295280456543e-01
1.837349385023117065e-01 7.867647409439086914e-01
1.762048155069351196e-01 8.069852590560913086e-01
1.506024152040481567e-01 8.069852590560913086e-01
1.204819232225418091e-01 8.382353186607360840e-01
1.219879537820816040e-01 8.639706373214721680e-01
9.789156168699264526e-02 8.750000000000000000e-01
8.283132314682006836e-02 8.841912150382995605e-01
7.379518449306488037e-02 9.191176891326904297e-01
6.927711516618728638e-02 8.768382072448730469e-01
5.873494595289230347e-02 8.878676891326904297e-01
9.186747670173645020e-02 8.621323704719543457e-01
6.174699217081069946e-02 8.566176295280456543e-01
6.024096161127090454e-02 8.363971114158630371e-01
4.367470741271972656e-02 8.492646813392639160e-01
2.560240589082241058e-02 8.676470518112182617e-01
9.186747670173645020e-02 8.400735259056091309e-01
9.638554602861404419e-02 8.216911554336547852e-01
1.219879537820816040e-01 8.198529481887817383e-01
6.325300782918930054e-02 8.180147409439086914e-01
2.861446514725685120e-02 8.106617927551269531e-01
1.957831531763076782e-02 8.198529481887817383e-01
0.000000000000000000e+00 7.849264740943908691e-01
4.518072307109832764e-02 7.757352590560913086e-01
2.861446514725685120e-02 7.647058963775634766e-01
7.530120015144348145e-02 7.886029481887817383e-01
7.680723071098327637e-02 7.941176295280456543e-01
1.265060305595397949e-01 7.996323704719543457e-01
1.054216846823692322e-01 7.830882668495178223e-01
1.295180767774581909e-01 7.775735259056091309e-01
1.084337309002876282e-01 7.573528885841369629e-01
8.283132314682006836e-02 7.591912150382995605e-01
6.475903838872909546e-02 7.591912150382995605e-01
4.066264629364013672e-02 7.408088445663452148e-01
1.355421822518110275e-02 7.316176891326904297e-01
3.915663063526153564e-02 7.077206373214721680e-01
2.409639023244380951e-02 6.764705777168273926e-01
5.873494595289230347e-02 6.783087849617004395e-01
6.777108460664749146e-02 6.911764740943908691e-01
7.379518449306488037e-02 7.352941632270812988e-01
9.186747670173645020e-02 7.352941632270812988e-01
9.638554602861404419e-02 7.058823108673095703e-01
1.234939694404602051e-01 7.352941632270812988e-01
1.219879537820816040e-01 7.205882072448730469e-01
1.325301229953765869e-01 7.077206373214721680e-01
1.295180767774581909e-01 6.875000000000000000e-01
1.084337309002876282e-01 6.562500000000000000e-01
9.789156168699264526e-02 6.672794222831726074e-01
8.132530748844146729e-02 6.709558963775634766e-01
6.174699217081069946e-02 6.507352590560913086e-01
6.024096161127090454e-02 6.286764144897460938e-01
7.379518449306488037e-02 5.992646813392639160e-01
8.885543048381805420e-02 6.305147409439086914e-01
1.099397614598274231e-01 6.231617331504821777e-01
1.144578307867050171e-01 5.863970518112182617e-01
1.204819232225418091e-01 5.974264740943908691e-01
1.460843384265899658e-01 6.654411554336547852e-01
1.490963846445083618e-01 6.433823704719543457e-01
1.490963846445083618e-01 6.084558963775634766e-01
1.626506000757217407e-01 6.194852590560913086e-01
1.716867536306381226e-01 5.974264740943908691e-01
1.807229071855545044e-01 5.790441632270812988e-01
1.671686619520187378e-01 5.772058963775634766e-01
1.536144465208053589e-01 5.606618523597717285e-01
2.018072307109832764e-01 5.606618523597717285e-01
2.123493850231170654e-01 5.441176891326904297e-01
1.581325381994247437e-01 6.966911554336547852e-01
1.596385389566421509e-01 7.113970518112182617e-01
1.596385389566421509e-01 7.334558963775634766e-01
1.596385389566421509e-01 7.555146813392639160e-01
1.686746925115585327e-01 7.665441036224365234e-01
1.987951695919036865e-01 7.610294222831726074e-01
1.686746925115585327e-01 7.444853186607360840e-01
1.897590160369873047e-01 7.334558963775634766e-01
2.168674767017364502e-01 7.481617331504821777e-01
2.274096310138702393e-01 7.683823704719543457e-01
2.409638464450836182e-01 7.904412150382995605e-01
2.620482146739959717e-01 7.886029481887817383e-01
2.695783376693725586e-01 7.647058963775634766e-01
2.515060305595397949e-01 7.426470518112182617e-01
2.349397391080856323e-01 7.389705777168273926e-01
2.259036302566528320e-01 7.187500000000000000e-01
2.259036302566528320e-01 7.022058367729187012e-01
1.882530152797698975e-01 7.113970518112182617e-01
1.957831382751464844e-01 6.893382668495178223e-01
1.807229071855545044e-01 6.856617927551269531e-01
1.777108460664749146e-01 6.507352590560913086e-01
1.987951695919036865e-01 6.562500000000000000e-01
2.213855385780334473e-01 6.764705777168273926e-01
2.394578307867050171e-01 6.893382668495178223e-01
2.710843384265899658e-01 7.224264740943908691e-01
2.936746776103973389e-01 7.113970518112182617e-01
2.861445844173431396e-01 6.911764740943908691e-01
2.605421543121337891e-01 6.636029481887817383e-01
2.304216772317886353e-01 6.580882668495178223e-01
2.108433842658996582e-01 6.268382072448730469e-01
1.972891390323638916e-01 6.139705777168273926e-01
2.183735072612762451e-01 5.955882072448730469e-01
2.424698472023010254e-01 6.011028885841369629e-01
2.424698472023010254e-01 6.360294222831726074e-01
2.710843384265899658e-01 6.194852590560913086e-01
2.846385836601257324e-01 6.544117927551269531e-01
2.650602161884307861e-01 5.937500000000000000e-01
2.319277077913284302e-01 5.716912150382995605e-01
2.590361535549163818e-01 5.625000596046447754e-01
2.680722773075103760e-01 5.716912150382995605e-01
2.921686768531799316e-01 5.680147409439086914e-01
3.132529854774475098e-01 5.955882072448730469e-01
3.057228624820709229e-01 6.139705777168273926e-01
3.102409243583679199e-01 6.360294222831726074e-01
3.207831084728240967e-01 6.599264740943908691e-01
3.569277226924896240e-01 5.974264740943908691e-01
3.659638464450836182e-01 5.588235259056091309e-01
3.177710473537445068e-01 5.569853186607360840e-01
3.132529854774475098e-01 5.386030077934265137e-01
2.650602161884307861e-01 5.312500000000000000e-01
1.340361535549163818e-01 4.319853186607360840e-01
1.656626611948013306e-01 4.191176891326904297e-01
1.701807230710983276e-01 3.952206075191497803e-01
1.912650465965270996e-01 3.731617927551269531e-01
1.415662765502929688e-01 4.025735259056091309e-01
1.310240924358367920e-01 4.154412150382995605e-01
1.039156690239906311e-01 4.136029481887817383e-01
9.789156168699264526e-02 4.227941334247589111e-01
8.584336936473846436e-02 3.897059261798858643e-01
6.174699217081069946e-02 4.007353186607360840e-01
7.078313082456588745e-02 3.786765038967132568e-01
5.572288855910301208e-02 3.658088445663452148e-01
5.421687290072441101e-02 3.455882668495178223e-01
7.530120015144348145e-02 3.400735557079315186e-01
8.283132314682006836e-02 3.602941334247589111e-01
1.099397614598274231e-01 3.823529779911041260e-01
1.114457920193672180e-01 3.860294222831726074e-01
1.370481997728347778e-01 3.878676593303680420e-01
1.566265076398849487e-01 3.731617927551269531e-01
1.355421692132949829e-01 3.639706373214721680e-01
1.129518076777458191e-01 3.676470816135406494e-01
1.069277152419090271e-01 3.511029481887817383e-01
1.054216846823692322e-01 3.290441334247589111e-01
9.186747670173645020e-02 3.216911852359771729e-01
7.680723071098327637e-02 3.069853186607360840e-01
9.186747670173645020e-02 3.051470816135406494e-01
1.114457920193672180e-01 2.977941334247589111e-01
1.204819232225418091e-01 3.143382668495178223e-01
1.295180767774581909e-01 3.363970816135406494e-01
1.430723071098327637e-01 3.400735557079315186e-01
1.641566306352615356e-01 3.474264740943908691e-01
1.490963846445083618e-01 3.161765038967132568e-01
1.701807230710983276e-01 3.290441334247589111e-01
1.807229071855545044e-01 3.143382668495178223e-01
2.048192620277404785e-01 3.327206075191497803e-01
2.123493850231170654e-01 3.161765038967132568e-01
2.274096310138702393e-01 2.959558963775634766e-01
2.469879686832427979e-01 3.033088445663452148e-01
2.530120313167572021e-01 3.272059261798858643e-01
2.033132612705230713e-01 2.463235259056091309e-01
2.319277077913284302e-01 2.628676891326904297e-01
2.560240924358367920e-01 2.886029779911041260e-01
2.861445844173431396e-01 3.198529481887817383e-01
2.876505851745605469e-01 3.584558963775634766e-01
3.087349236011505127e-01 3.363970816135406494e-01
3.222891688346862793e-01 3.602941334247589111e-01
3.358433544635772705e-01 3.621323704719543457e-01
3.298192918300628662e-01 3.860294222831726074e-01
4.111445546150207520e-01 4.025735259056091309e-01
3.750000000000000000e-01 3.915441632270812988e-01
3.765060007572174072e-01 3.694853186607360840e-01
4.021084308624267578e-01 3.768382370471954346e-01
3.885541856288909912e-01 3.584558963775634766e-01
3.674699068069458008e-01 3.382352888584136963e-01
3.448795378208160400e-01 3.455882668495178223e-01
3.343373537063598633e-01 3.235294222831726074e-01
3.132529854774475098e-01 3.125000000000000000e-01
2.846385836601257324e-01 2.996324002742767334e-01
2.951806783676147461e-01 2.886029779911041260e-01
2.740963995456695557e-01 2.702206075191497803e-01
2.545180916786193848e-01 2.573529481887817383e-01
2.334337383508682251e-01 2.389705926179885864e-01
2.108433842658996582e-01 2.113970667123794556e-01
2.033132612705230713e-01 1.764706075191497803e-01
2.394578307867050171e-01 2.205882519483566284e-01
2.710843384265899658e-01 2.389705926179885864e-01
2.936746776103973389e-01 2.573529481887817383e-01
2.966867387294769287e-01 2.720588445663452148e-01
3.237951695919036865e-01 2.977941334247589111e-01
2.454819083213806152e-01 2.040441334247589111e-01
2.409638464450836182e-01 1.819852888584136963e-01
2.590361535549163818e-01 1.764706075191497803e-01
2.725903391838073730e-01 1.893382221460342407e-01
2.680722773075103760e-01 2.077205777168273926e-01
2.891566455364227295e-01 2.077205777168273926e-01
3.042168617248535156e-01 2.205882519483566284e-01
3.012048006057739258e-01 2.316176593303680420e-01
3.132529854774475098e-01 2.591911852359771729e-01
3.298192918300628662e-01 2.702206075191497803e-01
3.463855385780334473e-01 2.794117927551269531e-01
3.539156615734100342e-01 3.051470816135406494e-01
3.644578456878662109e-01 3.161765038967132568e-01
3.915662467479705811e-01 3.272059261798858643e-01
4.036144316196441650e-01 3.511029481887817383e-01
3.885541856288909912e-01 3.033088445663452148e-01
3.629517853260040283e-01 2.996324002742767334e-01
3.644578456878662109e-01 2.849264740943908691e-01
3.554216623306274414e-01 2.702206075191497803e-01
3.584337234497070312e-01 2.463235259056091309e-01
3.674699068069458008e-01 2.297794222831726074e-01
3.283132314682006836e-01 2.481617778539657593e-01
3.283132314682006836e-01 2.316176593303680420e-01
3.524096608161926270e-01 2.150735557079315186e-01
3.298192918300628662e-01 2.040441334247589111e-01
3.072289228439331055e-01 2.022058963775634766e-01
3.298192918300628662e-01 1.838235408067703247e-01
3.192771077156066895e-01 1.746323555707931519e-01
2.921686768531799316e-01 1.838235408067703247e-01
2.921686768531799316e-01 1.562500000000000000e-01
2.469879686832427979e-01 1.599264889955520630e-01
2.243975996971130371e-01 1.433823555707931519e-01
2.183735072612762451e-01 1.139706000685691833e-01
2.409638464450836182e-01 1.323529481887817383e-01
2.650602161884307861e-01 1.268382370471954346e-01
2.725903391838073730e-01 1.415441334247589111e-01
2.846385836601257324e-01 1.378676444292068481e-01
3.102409243583679199e-01 1.452205926179885864e-01
3.177710473537445068e-01 1.231617778539657593e-01
2.936746776103973389e-01 1.158088222146034241e-01
2.771084606647491455e-01 1.084558889269828796e-01
2.454819083213806152e-01 1.029411777853965759e-01
2.409638464450836182e-01 7.720588892698287964e-02
2.725903391838073730e-01 8.823528885841369629e-02
2.530120313167572021e-01 5.514706298708915710e-02
2.801204621791839600e-01 6.433823704719543457e-02
3.027108013629913330e-01 8.823528885841369629e-02
3.177710473537445068e-01 1.102941110730171204e-01
2.831325232982635498e-01 3.860294073820114136e-02
3.072289228439331055e-01 4.411765187978744507e-02
3.117469847202301025e-01 6.250000745058059692e-02
3.237951695919036865e-01 7.904411852359771729e-02
3.403614163398742676e-01 1.139706000685691833e-01
3.313252925872802734e-01 1.397058814764022827e-01
3.358433544635772705e-01 1.691176742315292358e-01
3.554216623306274414e-01 1.893382221460342407e-01
3.087349236011505127e-01 2.205882035195827484e-02
3.343373537063598633e-01 1.654412038624286652e-02
3.388554155826568604e-01 4.044117406010627747e-02
3.509036004543304443e-01 5.330882593989372253e-02
3.584337234497070312e-01 5.698529630899429321e-02
3.418674767017364502e-01 7.904411852359771729e-02
3.418674767017364502e-01 9.375000000000000000e-02
3.584337234497070312e-01 2.757353149354457855e-02
3.704819083213806152e-01 3.676467342302203178e-03
3.795180618762969971e-01 3.124999813735485077e-02
3.840361237525939941e-01 5.882352963089942932e-02
3.780120313167572021e-01 7.536765187978744507e-02
3.689759075641632080e-01 1.029411777853965759e-01
3.674699068069458008e-01 1.139706000685691833e-01
3.614457845687866211e-01 1.305147111415863037e-01
3.554216623306274414e-01 1.470588147640228271e-01
3.659638464450836182e-01 1.764706075191497803e-01
3.719879686832427979e-01 1.617646962404251099e-01
3.870481848716735840e-01 1.452205926179885864e-01
3.915662467479705811e-01 1.250000000000000000e-01
3.870481848716735840e-01 9.558824449777603149e-02
3.975903093814849854e-01 8.272058516740798950e-02
4.096385538578033447e-01 1.029411777853965759e-01
4.126505553722381592e-01 1.158088222146034241e-01
4.201806783676147461e-01 1.047794222831726074e-01
4.201806783676147461e-01 8.088235557079315186e-02
4.292168617248535156e-01 8.639706671237945557e-02
4.126505553722381592e-01 6.433823704719543457e-02
4.186746776103973389e-01 4.044117406010627747e-02
4.006023705005645752e-01 3.124999813735485077e-02
3.975903093814849854e-01 7.352943066507577896e-03
4.171686768531799316e-01 3.676467342302203178e-03
4.457831084728240967e-01 0.000000000000000000e+00
4.427710473537445068e-01 1.838235370814800262e-02
4.457831084728240967e-01 4.044117406010627747e-02
4.593373537063598633e-01 5.514706298708915710e-02
4.533132314682006836e-01 6.066176295280456543e-02
4.668674468994140625e-01 4.595588520169258118e-02
4.743975698947906494e-01 2.573529630899429321e-02
4.849397540092468262e-01 2.573529630899429321e-02
4.713855087757110596e-01 5.514700897037982941e-03
4.984939396381378174e-01 3.676467342302203178e-03
5.150602459907531738e-01 3.124999813735485077e-02
4.954818785190582275e-01 4.779411852359771729e-02
4.849397540092468262e-01 7.169117778539657593e-02
4.608433544635772705e-01 8.272058516740798950e-02
4.533132314682006836e-01 9.742646664381027222e-02
4.608433544635772705e-01 1.029411777853965759e-01
4.638553857803344727e-01 1.176470667123794556e-01
4.743975698947906494e-01 9.558824449777603149e-02
4.382529854774475098e-01 1.268382370471954346e-01
4.307228624820709229e-01 1.378676444292068481e-01
4.126505553722381592e-01 1.507353186607360840e-01
4.231927394866943359e-01 1.672794222831726074e-01
3.990963697433471680e-01 1.801470518112182617e-01
3.719879686832427979e-01 1.911764740943908691e-01
3.734939694404602051e-01 2.132353037595748901e-01
3.990963697433471680e-01 2.205882519483566284e-01
5.135541558265686035e-01 5.330882593989372253e-02
5.225903391838073730e-01 5.514706298708915710e-02
5.361445546150207520e-01 3.308822959661483765e-02
5.542168617248535156e-01 2.573529630899429321e-02
5.617469549179077148e-01 4.779411852359771729e-02
5.677710771560668945e-01 5.698529630899429321e-02
5.451807379722595215e-01 6.617647409439086914e-02
5.346385240554809570e-01 7.720588892698287964e-02
5.060240626335144043e-01 8.639706671237945557e-02
5.256023406982421875e-01 1.011029332876205444e-01
5.225903391838073730e-01 1.176470667123794556e-01
4.939758777618408203e-01 1.139706000685691833e-01
4.969879388809204102e-01 1.305147111415863037e-01
5.135541558265686035e-01 1.360294222831726074e-01
5.180722475051879883e-01 1.397058814764022827e-01
4.623493850231170654e-01 1.397058814764022827e-01
4.789156317710876465e-01 1.470588147640228271e-01
4.533132314682006836e-01 1.488970667123794556e-01
4.548192918300628662e-01 1.709558814764022827e-01
4.307228624820709229e-01 1.875000149011611938e-01
4.021084308624267578e-01 2.003676444292068481e-01
4.608433544635772705e-01 1.966912001371383667e-01
4.427710473537445068e-01 1.985294073820114136e-01
4.367469847202301025e-01 2.132353037595748901e-01
4.262048006057739258e-01 2.316176593303680420e-01
4.156626164913177490e-01 2.444853186607360840e-01
4.126505553722381592e-01 2.591911852359771729e-01
3.930722475051879883e-01 2.481617778539657593e-01
3.825300633907318115e-01 2.573529481887817383e-01
3.825300633907318115e-01 2.812500298023223877e-01
3.960843086242675781e-01 2.867647111415863037e-01
4.186746776103973389e-01 2.812500298023223877e-01
4.292168617248535156e-01 2.922794222831726074e-01
4.352409243583679199e-01 2.702206075191497803e-01
4.412650465965270996e-01 2.426470816135406494e-01
4.653613865375518799e-01 2.261029779911041260e-01
4.653613865375518799e-01 2.352941483259201050e-01
4.834336936473846436e-01 2.077205777168273926e-01
4.789156317710876465e-01 1.709558814764022827e-01
5.030120015144348145e-01 1.838235408067703247e-01
4.954818785190582275e-01 2.040441334247589111e-01
5.030120015144348145e-01 1.617646962404251099e-01
5.361445546150207520e-01 1.378676444292068481e-01
5.512048006057739258e-01 1.066176444292068481e-01
5.662650465965270996e-01 8.823528885841369629e-02
5.933734178543090820e-01 5.147058516740798950e-02
5.933734178543090820e-01 6.801470369100570679e-02
5.963854789733886719e-01 9.007353335618972778e-02
5.768072009086608887e-01 1.029411777853965759e-01
5.662650465965270996e-01 1.194852888584136963e-01
6.265059709548950195e-01 9.558824449777603149e-02
6.069276928901672363e-01 1.139706000685691833e-01
5.948795080184936523e-01 1.231617778539657593e-01
5.918674468994140625e-01 1.397058814764022827e-01
5.677710771560668945e-01 1.397058814764022827e-01
5.572289228439331055e-01 1.562500000000000000e-01
5.240963697433471680e-01 1.691176742315292358e-01
5.316264629364013672e-01 1.911764740943908691e-01
5.240963697433471680e-01 2.095588296651840210e-01
5.015060305595397949e-01 2.297794222831726074e-01
4.864457547664642334e-01 2.463235259056091309e-01
4.668674468994140625e-01 2.610294222831726074e-01
4.638553857803344727e-01 2.794117927551269531e-01
4.593373537063598633e-01 2.959558963775634766e-01
4.096385538578033447e-01 3.088235557079315186e-01
4.216867387294769287e-01 3.272059261798858643e-01
4.412650465965270996e-01 3.198529481887817383e-01
4.563252925872802734e-01 3.161765038967132568e-01
4.442771077156066895e-01 3.363970816135406494e-01
4.277108013629913330e-01 3.437500298023223877e-01
4.397590458393096924e-01 3.658088445663452148e-01
4.503011703491210938e-01 3.694853186607360840e-01
4.412650465965270996e-01 3.878676593303680420e-01
4.713855087757110596e-01 3.566176593303680420e-01
4.864457547664642334e-01 3.345588445663452148e-01
4.849397540092468262e-01 3.161765038967132568e-01
4.834336936473846436e-01 2.830882370471954346e-01
5.045180320739746094e-01 2.738970518112182617e-01
5.030120015144348145e-01 2.941176593303680420e-01
5.030120015144348145e-01 3.033088445663452148e-01
4.819276928901672363e-01 3.768382370471954346e-01
4.774096310138702393e-01 3.786765038967132568e-01
5.030120015144348145e-01 3.547794520854949951e-01
5.195782780647277832e-01 3.382352888584136963e-01
5.225903391838073730e-01 3.198529481887817383e-01
5.406625866889953613e-01 3.566176593303680420e-01
5.557228326797485352e-01 3.382352888584136963e-01
5.572289228439331055e-01 3.216911852359771729e-01
5.512048006057739258e-01 2.977941334247589111e-01
5.301204919815063477e-01 3.033088445663452148e-01
5.286144018173217773e-01 2.849264740943908691e-01
5.512048006057739258e-01 2.757353186607360840e-01
5.376505851745605469e-01 2.683823704719543457e-01
5.240963697433471680e-01 2.500000298023223877e-01
5.180722475051879883e-01 2.500000298023223877e-01
5.346385240554809570e-01 2.224264889955520630e-01
5.512048006057739258e-01 2.463235259056091309e-01
5.542168617248535156e-01 2.297794222831726074e-01
5.602409839630126953e-01 2.058823704719543457e-01
5.617469549179077148e-01 1.764706075191497803e-01
5.858433246612548828e-01 1.654411852359771729e-01
5.813252925872802734e-01 1.727941185235977173e-01
5.843373537063598633e-01 1.875000149011611938e-01
5.918674468994140625e-01 1.985294073820114136e-01
5.783132314682006836e-01 2.187500000000000000e-01
5.677710771560668945e-01 2.481617778539657593e-01
5.888553857803344727e-01 2.389705926179885864e-01
5.722891688346862793e-01 2.665441334247589111e-01
5.843373537063598633e-01 2.720588445663452148e-01
5.737951397895812988e-01 2.977941334247589111e-01
5.933734178543090820e-01 3.290441334247589111e-01
6.009035706520080566e-01 2.904412150382995605e-01
6.204819083213806152e-01 2.886029779911041260e-01
6.114457249641418457e-01 2.628676891326904297e-01
6.129518151283264160e-01 2.536765038967132568e-01
6.295180320739746094e-01 2.316176593303680420e-01
6.475903391838073730e-01 2.205882519483566284e-01
6.069276928901672363e-01 2.169117629528045654e-01
6.174698472023010254e-01 1.985294073820114136e-01
6.204819083213806152e-01 1.819852888584136963e-01
6.114457249641418457e-01 1.672794222831726074e-01
6.099397540092468262e-01 1.378676444292068481e-01
6.310240626335144043e-01 1.360294222831726074e-01
6.460843086242675781e-01 1.636029481887817383e-01
9.246987104415893555e-01 5.698529630899429321e-02
8.945782780647277832e-01 6.985294073820114136e-02
8.629517555236816406e-01 6.801470369100570679e-02
8.599396944046020508e-01 9.007353335618972778e-02
8.343372941017150879e-01 1.029411777853965759e-01
8.147590160369873047e-01 1.360294222831726074e-01
8.253011703491210938e-01 1.525735259056091309e-01
8.027108311653137207e-01 1.746323555707931519e-01
8.057228922843933105e-01 2.003676444292068481e-01
7.876505851745605469e-01 2.279411852359771729e-01
8.253011703491210938e-01 2.224264889955520630e-01
8.283132314682006836e-01 1.985294073820114136e-01
8.478915095329284668e-01 1.764706075191497803e-01
8.554216623306274414e-01 1.470588147640228271e-01
8.734939098358154297e-01 1.654411852359771729e-01
8.870481252670288086e-01 1.488970667123794556e-01
8.644577860832214355e-01 1.158088222146034241e-01
8.870481252670288086e-01 1.047794222831726074e-01
8.825301527976989746e-01 9.007353335618972778e-02
9.126506447792053223e-01 9.742646664381027222e-02
8.945782780647277832e-01 1.176470667123794556e-01
9.111444950103759766e-01 1.286764740943908691e-01
9.382529854774475098e-01 1.139706000685691833e-01
9.503012299537658691e-01 9.926471114158630371e-02
9.668675065040588379e-01 7.904411852359771729e-02
9.412649869918823242e-01 7.720588892698287964e-02
9.292168617248535156e-01 8.272058516740798950e-02
9.924699068069458008e-01 1.194852888584136963e-01
9.698795080184936523e-01 1.250000000000000000e-01
9.819277524948120117e-01 1.507353186607360840e-01
9.472891092300415039e-01 1.433823555707931519e-01
9.141566157341003418e-01 1.544117629528045654e-01
9.216867089271545410e-01 1.709558814764022827e-01
9.141566157341003418e-01 1.875000149011611938e-01
8.855421543121337891e-01 1.893382221460342407e-01
8.719878792762756348e-01 2.095588296651840210e-01
8.930722475051879883e-01 2.187500000000000000e-01
8.614457845687866211e-01 2.279411852359771729e-01
8.373493552207946777e-01 2.463235259056091309e-01
8.132529854774475098e-01 2.536765038967132568e-01
7.981927394866943359e-01 2.591911852359771729e-01
8.237951993942260742e-01 2.647058963775634766e-01
7.936747074127197266e-01 2.922794222831726074e-01
8.162650465965270996e-01 2.941176593303680420e-01
8.313252925872802734e-01 2.904412150382995605e-01
8.569276332855224609e-01 2.757353186607360840e-01
8.765060305595397949e-01 2.518382668495178223e-01
9.096385240554809570e-01 2.444853186607360840e-01
9.337348341941833496e-01 2.113970667123794556e-01
9.442771077156066895e-01 2.224264889955520630e-01
9.412649869918823242e-01 1.948529630899429321e-01
9.533132314682006836e-01 1.783088445663452148e-01
9.683735370635986328e-01 1.985294073820114136e-01
9.864457845687866211e-01 2.040441334247589111e-01
1.000000000000000000e+00 1.856617778539657593e-01
9.834337830543518066e-01 2.297794222831726074e-01
9.638553261756896973e-01 2.242647260427474976e-01
1.000000000000000000e+00 2.463235259056091309e-01
9.954819679260253906e-01 2.628676891326904297e-01
9.683735370635986328e-01 2.628676891326904297e-01
9.397589564323425293e-01 2.536765038967132568e-01
9.608433246612548828e-01 2.738970518112182617e-01
9.352409839630126953e-01 2.775735557079315186e-01
9.081324934959411621e-01 2.702206075191497803e-01
9.186746478080749512e-01 2.886029779911041260e-01
8.780120015144348145e-01 2.830882370471954346e-01
8.719878792762756348e-01 3.051470816135406494e-01
9.021083712577819824e-01 3.069853186607360840e-01
8.509035706520080566e-01 3.143382668495178223e-01
8.207831382751464844e-01 3.143382668495178223e-01
8.147590160369873047e-01 3.363970816135406494e-01
8.298192620277404785e-01 3.492647111415863037e-01
8.237951993942260742e-01 3.566176593303680420e-01
8.147590160369873047e-01 3.713235557079315186e-01
8.388553857803344727e-01 3.694853186607360840e-01
8.614457845687866211e-01 3.455882668495178223e-01
8.524096012115478516e-01 3.345588445663452148e-01
8.915662765502929688e-01 3.382352888584136963e-01
8.825301527976989746e-01 3.584558963775634766e-01
8.704819083213806152e-01 3.786765038967132568e-01
8.644577860832214355e-01 3.786765038967132568e-01
8.418673872947692871e-01 3.952206075191497803e-01
8.614457845687866211e-01 4.044117927551269531e-01
8.855421543121337891e-01 4.099265038967132568e-01
8.975903987884521484e-01 4.136029481887817383e-01
8.960842490196228027e-01 3.970588445663452148e-01
8.975903987884521484e-01 3.731617927551269531e-01
9.322288632392883301e-01 3.602941334247589111e-01
9.231927394866943359e-01 3.272059261798858643e-01
9.427710771560668945e-01 3.327206075191497803e-01
9.472891092300415039e-01 2.996324002742767334e-01
9.728916287422180176e-01 2.904412150382995605e-01
9.939758777618408203e-01 2.959558963775634766e-01
9.698795080184936523e-01 3.235294222831726074e-01
9.774096608161926270e-01 3.529412150382995605e-01
9.593373537063598633e-01 3.602941334247589111e-01
9.442771077156066895e-01 3.602941334247589111e-01
9.518072009086608887e-01 3.970588445663452148e-01
9.246987104415893555e-01 3.897059261798858643e-01
9.246987104415893555e-01 4.080882668495178223e-01
9.006024003028869629e-01 4.319853186607360840e-01
8.990963697433471680e-01 4.485294222831726074e-01
9.006024003028869629e-01 4.687500298023223877e-01
8.930722475051879883e-01 4.852941334247589111e-01
8.915662765502929688e-01 5.036764740943908691e-01
8.810240030288696289e-01 5.220588445663452148e-01
8.765060305595397949e-01 5.441176891326904297e-01
8.825301527976989746e-01 5.551470518112182617e-01
8.855421543121337891e-01 5.643382668495178223e-01
8.554216623306274414e-01 5.606618523597717285e-01
8.539156317710876465e-01 5.772058963775634766e-01
8.328313231468200684e-01 5.716912150382995605e-01
8.373493552207946777e-01 5.863970518112182617e-01
8.162650465965270996e-01 5.919117331504821777e-01
8.042168021202087402e-01 6.194852590560913086e-01
8.192770481109619141e-01 6.194852590560913086e-01
8.177710771560668945e-01 6.378676295280456543e-01
8.102409243583679199e-01 6.415441036224365234e-01
7.906626462936401367e-01 6.580882668495178223e-01
7.771083712577819824e-01 6.838235259056091309e-01
8.102409243583679199e-01 6.801471114158630371e-01
8.237951993942260742e-01 6.654411554336547852e-01
8.328313231468200684e-01 6.599264740943908691e-01
8.493975400924682617e-01 6.507352590560913086e-01
8.478915095329284668e-01 6.102941036224365234e-01
8.644577860832214355e-01 6.121323704719543457e-01
8.614457845687866211e-01 6.305147409439086914e-01
8.810240030288696289e-01 6.029412150382995605e-01
8.885541558265686035e-01 5.882353186607360840e-01
9.066265225410461426e-01 5.698530077934265137e-01
9.141566157341003418e-01 5.533088445663452148e-01
9.307228326797485352e-01 5.661765336990356445e-01
9.322288632392883301e-01 5.919117331504821777e-01
9.186746478080749512e-01 6.047794222831726074e-01
8.945782780647277832e-01 6.213235259056091309e-01
9.006024003028869629e-01 6.250000000000000000e-01
8.870481252670288086e-01 6.323529481887817383e-01
8.719878792762756348e-01 6.580882668495178223e-01
8.870481252670288086e-01 6.636029481887817383e-01
8.554216623306274414e-01 6.727941036224365234e-01
8.554216623306274414e-01 6.911764740943908691e-01
8.659637570381164551e-01 7.058823108673095703e-01
8.493975400924682617e-01 7.224264740943908691e-01
8.222891092300415039e-01 7.113970518112182617e-01
8.012048006057739258e-01 7.224264740943908691e-01
7.876505851745605469e-01 7.224264740943908691e-01
8.132529854774475098e-01 7.389705777168273926e-01
8.343372941017150879e-01 7.371323704719543457e-01
8.493975400924682617e-01 7.444853186607360840e-01
8.313252925872802734e-01 7.610294222831726074e-01
8.117469549179077148e-01 7.775735259056091309e-01
7.906626462936401367e-01 7.794117331504821777e-01
7.831324934959411621e-01 7.573528885841369629e-01
7.786144614219665527e-01 8.051470518112182617e-01
8.253011703491210938e-01 8.106617927551269531e-01
8.313252925872802734e-01 8.161764740943908691e-01
8.463855385780334473e-01 7.996323704719543457e-01
8.614457845687866211e-01 7.794117331504821777e-01
8.795180320739746094e-01 7.389705777168273926e-01
8.810240030288696289e-01 7.573528885841369629e-01
9.006024003028869629e-01 7.463235259056091309e-01
9.126506447792053223e-01 7.334558963775634766e-01
9.081324934959411621e-01 7.113970518112182617e-01
8.960842490196228027e-01 6.911764740943908691e-01
9.171686172485351562e-01 6.783087849617004395e-01
9.186746478080749512e-01 6.636029481887817383e-01
9.277108311653137207e-01 6.378676295280456543e-01
9.487950801849365234e-01 6.213235259056091309e-01
9.623493552207946777e-01 6.102941036224365234e-01
9.653615355491638184e-01 6.397058963775634766e-01
9.397589564323425293e-01 6.544117927551269531e-01
9.548192024230957031e-01 6.636029481887817383e-01
9.819277524948120117e-01 6.580882668495178223e-01
9.939758777618408203e-01 6.856617927551269531e-01
9.683735370635986328e-01 6.838235259056091309e-01
9.367469549179077148e-01 6.875000000000000000e-01
9.352409839630126953e-01 7.095588445663452148e-01
9.533132314682006836e-01 7.022058367729187012e-01
9.759036302566528320e-01 7.113970518112182617e-01
9.548192024230957031e-01 7.187500000000000000e-01
9.412649869918823242e-01 7.389705777168273926e-01
9.292168617248535156e-01 7.279411554336547852e-01
9.909638762474060059e-01 7.352941632270812988e-01
9.743976593017578125e-01 7.481617331504821777e-01
9.683735370635986328e-01 7.702205777168273926e-01
9.789156317710876465e-01 7.830882668495178223e-01
9.924699068069458008e-01 8.033087849617004395e-01
9.668675065040588379e-01 8.143382668495178223e-01
9.503012299537658691e-01 7.922794222831726074e-01
9.292168617248535156e-01 7.702205777168273926e-01
9.186746478080749512e-01 7.849264740943908691e-01
9.006024003028869629e-01 7.867647409439086914e-01
8.765060305595397949e-01 7.996323704719543457e-01
9.111444950103759766e-01 8.069852590560913086e-01
9.307228326797485352e-01 8.088235855102539062e-01
9.307228326797485352e-01 8.143382668495178223e-01
9.653615355491638184e-01 8.363971114158630371e-01
9.578313231468200684e-01 8.584558367729187012e-01
9.352409839630126953e-01 8.437500000000000000e-01
9.141566157341003418e-01 8.419117927551269531e-01
8.704819083213806152e-01 8.272058963775634766e-01
8.780120015144348145e-01 8.363971114158630371e-01
8.463855385780334473e-01 8.272058963775634766e-01
8.493975400924682617e-01 8.547794222831726074e-01
8.343372941017150879e-01 8.474264740943908691e-01
8.102409243583679199e-01 8.216911554336547852e-01
7.966867089271545410e-01 8.400735259056091309e-01
7.906626462936401367e-01 8.658088445663452148e-01
7.936747074127197266e-01 8.860294222831726074e-01
8.177710771560668945e-01 8.658088445663452148e-01
8.222891092300415039e-01 8.841912150382995605e-01
8.403614163398742676e-01 8.860294222831726074e-01
8.463855385780334473e-01 9.191176891326904297e-01
8.253011703491210938e-01 9.172794222831726074e-01
8.222891092300415039e-01 9.264705777168273926e-01
8.403614163398742676e-01 9.522058963775634766e-01
8.584337234497070312e-01 9.485294222831726074e-01
8.840361237525939941e-01 9.650735855102539062e-01
9.006024003028869629e-01 9.411764740943908691e-01
8.750000000000000000e-01 9.246323704719543457e-01
8.674699068069458008e-01 9.080882072448730469e-01
8.734939098358154297e-01 8.823530077934265137e-01
8.915662765502929688e-01 8.658088445663452148e-01
9.186746478080749512e-01 8.860294222831726074e-01
8.945782780647277832e-01 9.025735259056091309e-01
9.126506447792053223e-01 9.209558963775634766e-01
9.262047410011291504e-01 9.338235259056091309e-01
9.292168617248535156e-01 9.558823704719543457e-01
9.427710771560668945e-01 9.154412150382995605e-01
9.608433246612548828e-01 8.841912150382995605e-01
9.743976593017578125e-01 8.897058963775634766e-01
9.352409839630126953e-01 8.694853186607360840e-01
5.406625866889953613e-01 6.930146813392639160e-01
5.060240626335144043e-01 6.966911554336547852e-01
4.774096310138702393e-01 7.132353186607360840e-01
4.743975698947906494e-01 7.316176891326904297e-01
4.548192918300628662e-01 7.665441036224365234e-01
4.638553857803344727e-01 7.720588445663452148e-01
4.834336936473846436e-01 7.738970518112182617e-01
4.879517555236816406e-01 7.463235259056091309e-01
4.954818785190582275e-01 7.316176891326904297e-01
5.165662169456481934e-01 7.316176891326904297e-01
5.451807379722595215e-01 7.169117927551269531e-01
5.527108311653137207e-01 7.334558963775634766e-01
5.436746478080749512e-01 7.481617331504821777e-01
5.316264629364013672e-01 7.591912150382995605e-01
5.361445546150207520e-01 7.720588445663452148e-01
5.165662169456481934e-01 7.683823704719543457e-01
4.939758777618408203e-01 7.977941036224365234e-01
4.774096310138702393e-01 7.996323704719543457e-01
4.548192918300628662e-01 8.235294222831726074e-01
5.210843086242675781e-01 8.051470518112182617e-01
5.210843086242675781e-01 8.216911554336547852e-01
4.924698770046234131e-01 8.327206373214721680e-01
5.060240626335144043e-01 8.492646813392639160e-01
5.662650465965270996e-01 8.511029481887817383e-01
5.496987700462341309e-01 8.345588445663452148e-01
5.527108311653137207e-01 8.033087849617004395e-01
5.587348937988281250e-01 7.977941036224365234e-01
5.783132314682006836e-01 7.922794222831726074e-01
5.783132314682006836e-01 8.216911554336547852e-01
6.009035706520080566e-01 8.272058963775634766e-01
6.295180320739746094e-01 8.235294222831726074e-01
6.159638166427612305e-01 8.566176295280456543e-01
6.039156317710876465e-01 8.033087849617004395e-01
5.888553857803344727e-01 7.812500596046447754e-01
5.707830786705017090e-01 7.665441036224365234e-01
5.677710771560668945e-01 7.518382072448730469e-01
5.948795080184936523e-01 7.261029481887817383e-01
5.873493552207946777e-01 7.334558963775634766e-01
5.813252925872802734e-01 7.040441036224365234e-01
5.963854789733886719e-01 7.591912150382995605e-01
6.250000000000000000e-01 7.334558963775634766e-01
6.430723071098327637e-01 7.444853186607360840e-01
6.310240626335144043e-01 7.591912150382995605e-01
6.265059709548950195e-01 7.849264740943908691e-01
6.189758777618408203e-01 7.904412150382995605e-01
5.572288855910301208e-02 7.352943066507577896e-03
9.036144614219665527e-02 0.000000000000000000e+00
1.024096384644508362e-01 1.286764442920684814e-02
7.680723071098327637e-02 1.654412038624286652e-02
6.174699217081069946e-02 2.757353149354457855e-02
4.518072307109832764e-02 3.492647409439086914e-02
4.518072307109832764e-02 5.147058516740798950e-02
5.421687290072441101e-02 5.514706298708915710e-02
7.078313082456588745e-02 5.514706298708915710e-02
8.584336936473846436e-02 3.860294073820114136e-02
8.584336936473846436e-02 4.595588520169258118e-02
1.295180767774581909e-01 7.352943066507577896e-03
1.159638464450836182e-01 2.941176481544971466e-02
1.024096384644508362e-01 4.595588520169258118e-02
1.024096384644508362e-01 5.882352963089942932e-02
9.939759224653244019e-02 6.801470369100570679e-02
7.379518449306488037e-02 7.536765187978744507e-02
4.819276556372642517e-02 7.720588892698287964e-02
5.271084234118461609e-02 8.823528885841369629e-02
7.078313082456588745e-02 9.191176295280456543e-02
6.325300782918930054e-02 1.066176444292068481e-01
1.009036079049110413e-01 1.047794222831726074e-01
9.638554602861404419e-02 1.139706000685691833e-01
1.159638464450836182e-01 1.084558889269828796e-01
8.584336936473846436e-02 8.455882221460342407e-02
1.129518076777458191e-01 8.639706671237945557e-02
1.355421692132949829e-01 9.375000000000000000e-02
1.280120462179183960e-01 8.088235557079315186e-02
1.174698770046234131e-01 5.882352963089942932e-02
1.340361535549163818e-01 5.147058516740798950e-02
1.415662765502929688e-01 2.941176481544971466e-02
1.551204770803451538e-01 4.779411852359771729e-02
1.430723071098327637e-01 5.882352963089942932e-02
1.445783078670501709e-01 7.536765187978744507e-02
