1.761591583490371704e-01 7.839917540550231934e-01
1.767695099115371704e-01 7.791131138801574707e-01
1.779428422451019287e-01 7.843036055564880371e-01
1.775405853986740112e-01 7.824255824089050293e-01
1.782863587141036987e-01 7.838231921195983887e-01
1.784428358078002930e-01 7.837084531784057617e-01
1.780568808317184448e-01 7.707353234291076660e-01
1.768548041582107544e-01 7.828165292739868164e-01
1.809948384761810303e-01 7.774854898452758789e-01
1.767820268869400024e-01 7.726469635963439941e-01
1.775333136320114136e-01 7.827022671699523926e-01
1.770874708890914917e-01 7.702845335006713867e-01
1.762039810419082642e-01 7.841578722000122070e-01
1.773964017629623413e-01 7.842831611633300781e-01
1.786191016435623169e-01 7.834795117378234863e-01
1.757736206054687500e-01 7.814006209373474121e-01
1.764318197965621948e-01 7.835074663162231445e-01
1.773566454648971558e-01 7.832617759704589844e-01
1.782907545566558838e-01 7.838258147239685059e-01
1.781816482543945312e-01 7.839183211326599121e-01
1.787402927875518799e-01 7.836082577705383301e-01
1.795029491186141968e-01 7.826477289199829102e-01
1.769605427980422974e-01 7.698320746421813965e-01
1.807812601327896118e-01 7.734151482582092285e-01
1.827919185161590576e-01 7.811332345008850098e-01
1.878824681043624878e-01 7.915461063385009766e-01
1.789945065975189209e-01 7.823364138603210449e-01
1.780132353305816650e-01 7.843708992004394531e-01
1.787660121917724609e-01 7.833530902862548828e-01
1.787780076265335083e-01 7.829538583755493164e-01
1.780015677213668823e-01 7.833191156387329102e-01
1.784867942333221436e-01 7.834128737449645996e-01
1.709804832935333252e-01 7.811668515205383301e-01
1.771830916404724121e-01 7.829739451408386230e-01
1.724731475114822388e-01 7.815540432929992676e-01
1.791447848081588745e-01 7.839891910552978516e-01
1.775465011596679688e-01 7.834520936012268066e-01
1.700018048286437988e-01 7.775325775146484375e-01
1.779563874006271362e-01 7.671374678611755371e-01
1.778000593185424805e-01 7.832080125808715820e-01
1.770450472831726074e-01 7.806902527809143066e-01
1.851935833692550659e-01 7.678873538970947266e-01
1.764853596687316895e-01 7.833086252212524414e-01
1.776387095451354980e-01 7.827212810516357422e-01
1.784137487411499023e-01 7.822979688644409180e-01
1.778312474489212036e-01 7.820796966552734375e-01
1.807340085506439209e-01 7.647790908813476562e-01
1.844672858715057373e-01 7.863702774047851562e-01
1.770307570695877075e-01 7.830294370651245117e-01
1.786249876022338867e-01 7.833838462829589844e-01
1.775030791759490967e-01 7.832136154174804688e-01
1.737215965986251831e-01 7.865644097328186035e-01
1.698983609676361084e-01 7.833801507949829102e-01
1.776347011327743530e-01 7.831377387046813965e-01
1.781133860349655151e-01 7.827560305595397949e-01
1.780778020620346069e-01 7.784329056739807129e-01
1.771372258663177490e-01 7.837905287742614746e-01
1.792546361684799194e-01 7.833014130592346191e-01
1.782327443361282349e-01 7.702820301055908203e-01
1.775902807712554932e-01 7.821034193038940430e-01
1.758782714605331421e-01 7.942410111427307129e-01
1.797403097152709961e-01 7.843826413154602051e-01
1.787683516740798950e-01 7.837553620338439941e-01
1.698448508977890015e-01 7.883267402648925781e-01
1.670953631401062012e-01 7.831516265869140625e-01
1.723193228244781494e-01 7.771379351615905762e-01
1.783445477485656738e-01 7.835845351219177246e-01
1.811014413833618164e-01 7.840435504913330078e-01
1.727940440177917480e-01 7.931515574455261230e-01
1.782732903957366943e-01 7.838193774223327637e-01
1.786017268896102905e-01 7.837825417518615723e-01
1.650718152523040771e-01 7.891138195991516113e-01
1.792824119329452515e-01 7.669776082038879395e-01
1.796126961708068848e-01 7.801985740661621094e-01
1.778113991022109985e-01 7.835584878921508789e-01
1.779167950153350830e-01 7.835476994514465332e-01
1.765816658735275269e-01 7.825639247894287109e-01
1.778996586799621582e-01 7.827467322349548340e-01
1.784700006246566772e-01 7.836505770683288574e-01
1.791708767414093018e-01 7.814000844955444336e-01
1.787519752979278564e-01 7.834772467613220215e-01
1.779624372720718384e-01 7.833501696586608887e-01
1.835015267133712769e-01 7.803315520286560059e-01
1.779876500368118286e-01 7.826116681098937988e-01
1.777663379907608032e-01 7.828721404075622559e-01
1.775087714195251465e-01 7.830324769020080566e-01
1.790724396705627441e-01 7.601342797279357910e-01
1.779451817274093628e-01 7.560423016548156738e-01
1.781889796257019043e-01 7.835438847541809082e-01
1.784392893314361572e-01 7.831976413726806641e-01
1.782803684473037720e-01 7.829006314277648926e-01
1.796749681234359741e-01 7.576952576637268066e-01
1.766230165958404541e-01 7.579368352890014648e-01
1.787830442190170288e-01 7.851028442382812500e-01
1.771796345710754395e-01 7.553196549415588379e-01
1.792947500944137573e-01 7.541218996047973633e-01
1.789635568857192993e-01 7.574589848518371582e-01
1.776501238346099854e-01 7.502366304397583008e-01
1.857679784297943115e-01 7.562347650527954102e-01
1.765358746051788330e-01 7.581390738487243652e-01
1.788823306560516357e-01 7.530546784400939941e-01
1.822599321603775024e-01 7.601208090782165527e-01
1.773936450481414795e-01 7.549772262573242188e-01
1.784403026103973389e-01 7.575737237930297852e-01
1.768980026245117188e-01 7.550385594367980957e-01
1.785663068294525146e-01 7.554612159729003906e-01
1.724792867898941040e-01 7.568302154541015625e-01
1.779421716928482056e-01 7.562496066093444824e-01
1.778832525014877319e-01 7.553767561912536621e-01
1.781040728092193604e-01 7.541069388389587402e-01
1.814674437046051025e-01 7.571699023246765137e-01
1.798665225505828857e-01 7.567198276519775391e-01
1.776677221059799194e-01 7.570540904998779297e-01
1.791650503873825073e-01 7.564949393272399902e-01
1.770547330379486084e-01 7.553611993789672852e-01
1.760767549276351929e-01 7.571076750755310059e-01
1.850184947252273560e-01 7.587965726852416992e-01
1.810021102428436279e-01 7.574396133422851562e-01
1.773056834936141968e-01 7.539595961570739746e-01
1.779429167509078979e-01 7.529426813125610352e-01
1.757709383964538574e-01 7.566213011741638184e-01
1.795829981565475464e-01 7.551077604293823242e-01
1.778917461633682251e-01 7.571245431900024414e-01
1.773445904254913330e-01 7.560138106346130371e-01
1.755557060241699219e-01 7.567490935325622559e-01
1.748629212379455566e-01 7.549049258232116699e-01
1.784988194704055786e-01 7.549652457237243652e-01
1.781590878963470459e-01 7.565302848815917969e-01
1.784881800413131714e-01 7.551825046539306641e-01
1.769560128450393677e-01 7.581350207328796387e-01
1.809257715940475464e-01 7.558451294898986816e-01
1.757194995880126953e-01 7.787681818008422852e-01
1.784804016351699829e-01 7.528409957885742188e-01
1.773694306612014771e-01 7.691874504089355469e-01
1.776738464832305908e-01 7.542958855628967285e-01
1.781938374042510986e-01 7.559128403663635254e-01
1.630588471889495850e-01 7.547770738601684570e-01
1.713474839925765991e-01 7.666825652122497559e-01
1.779413074254989624e-01 7.544674277305603027e-01
1.770104765892028809e-01 7.567029595375061035e-01
1.787219345569610596e-01 7.543793320655822754e-01
1.768630594015121460e-01 7.757969498634338379e-01
1.779686361551284790e-01 7.560094594955444336e-01
1.777105629444122314e-01 7.566092610359191895e-01
1.776558607816696167e-01 7.561876177787780762e-01
1.823733150959014893e-01 7.552419304847717285e-01
1.787691712379455566e-01 7.555407285690307617e-01
1.843429952859878540e-01 7.616167664527893066e-01
1.878167688846588135e-01 7.566472887992858887e-01
1.783733516931533813e-01 7.541239261627197266e-01
1.798051297664642334e-01 7.596661448478698730e-01
1.784096956253051758e-01 7.551734447479248047e-01
1.805029809474945068e-01 7.512206435203552246e-01
1.656145602464675903e-01 7.618317008018493652e-01
1.793186217546463013e-01 7.557132840156555176e-01
1.805503070354461670e-01 7.537721395492553711e-01
1.784587800502777100e-01 7.574430704116821289e-01
1.800513863563537598e-01 7.534601688385009766e-01
1.773578375577926636e-01 7.541130781173706055e-01
1.808697283267974854e-01 7.536430954933166504e-01
1.775010973215103149e-01 7.552207112312316895e-01
1.775510311126708984e-01 7.565558552742004395e-01
1.777701228857040405e-01 7.561041116714477539e-01
1.772104650735855103e-01 7.535352706909179688e-01
1.748955398797988892e-01 7.549660205841064453e-01
1.782424002885818481e-01 7.558501362800598145e-01
1.768479198217391968e-01 7.550876140594482422e-01
1.757563799619674683e-01 7.593060731887817383e-01
1.769854277372360229e-01 7.550026774406433105e-01
1.782853454351425171e-01 7.528076171875000000e-01
1.247645542025566101e-01 3.480771481990814209e-01
1.277075856924057007e-01 3.490671813488006592e-01
1.239862367510795593e-01 3.513123691082000732e-01
1.237248629331588745e-01 3.520097732543945312e-01
1.208537518978118896e-01 3.502942919731140137e-01
1.138580292463302612e-01 3.547264933586120605e-01
1.268428266048431396e-01 3.547133207321166992e-01
1.260959655046463013e-01 3.527950048446655273e-01
1.258559226989746094e-01 3.506685793399810791e-01
1.247391998767852783e-01 3.494756221771240234e-01
1.237751096487045288e-01 3.552423417568206787e-01
1.242127344012260437e-01 3.448191583156585693e-01
1.323345452547073364e-01 3.580295443534851074e-01
1.274524182081222534e-01 3.578280508518218994e-01
1.279356032609939575e-01 3.533985316753387451e-01
1.220681071281433105e-01 3.575213253498077393e-01
1.237133443355560303e-01 3.560707569122314453e-01
1.363080590963363647e-01 3.489351868629455566e-01
1.263080239295959473e-01 3.538656830787658691e-01
1.278322041034698486e-01 3.526422977447509766e-01
1.111667454242706299e-01 3.490009307861328125e-01
1.423937976360321045e-01 3.658847510814666748e-01
1.211672946810722351e-01 3.551768064498901367e-01
1.256128698587417603e-01 3.530968725681304932e-01
1.242502629756927490e-01 3.508633375167846680e-01
1.215422749519348145e-01 3.483864068984985352e-01
1.231089904904365540e-01 3.484628796577453613e-01
1.254073232412338257e-01 3.439013361930847168e-01
1.294716298580169678e-01 3.483225405216217041e-01
1.256022304296493530e-01 3.535663485527038574e-01
1.360471099615097046e-01 3.376571536064147949e-01
1.317393928766250610e-01 3.525079488754272461e-01
1.238514631986618042e-01 3.517051041126251221e-01
1.180925816297531128e-01 3.447172343730926514e-01
1.240206435322761536e-01 3.539549112319946289e-01
4.289727509021759033e-01 1.856105178594589233e-01
4.276458323001861572e-01 1.854296475648880005e-01
4.281296133995056152e-01 1.858004927635192871e-01
4.319673478603363037e-01 1.888804882764816284e-01
4.264734387397766113e-01 1.887885332107543945e-01
4.283401370048522949e-01 1.877993047237396240e-01
4.267416596412658691e-01 1.905498653650283813e-01
4.278673827648162842e-01 1.886267513036727905e-01
4.279003739356994629e-01 1.876084804534912109e-01
4.298279285430908203e-01 1.869000643491744995e-01
4.276135861873626709e-01 1.907725632190704346e-01
4.287734031677246094e-01 1.892892718315124512e-01
4.290429949760437012e-01 1.883668452501296997e-01
4.282905161380767822e-01 1.896382570266723633e-01
4.296924173831939697e-01 1.879151910543441772e-01
4.284853339195251465e-01 1.907478123903274536e-01
4.281677603721618652e-01 1.856869310140609741e-01
4.273509085178375244e-01 1.897366344928741455e-01
4.306966066360473633e-01 1.882461756467819214e-01
4.295742213726043701e-01 1.888978183269500732e-01
4.271141886711120605e-01 1.887645572423934937e-01
4.282594621181488037e-01 1.855085939168930054e-01
4.289517104625701904e-01 1.909383982419967651e-01
4.270257949829101562e-01 1.882561743259429932e-01
4.304205775260925293e-01 1.876508891582489014e-01
4.273670017719268799e-01 1.900033801794052124e-01
4.271296262741088867e-01 1.897816061973571777e-01
4.282124042510986328e-01 1.886251866817474365e-01
4.273471832275390625e-01 1.887273192405700684e-01
4.259886145591735840e-01 1.891469061374664307e-01
4.285661280155181885e-01 1.905747950077056885e-01
4.284531474113464355e-01 1.879616677761077881e-01
4.308301210403442383e-01 1.878423243761062622e-01
4.288647770881652832e-01 1.885024607181549072e-01
4.287163019180297852e-01 1.895004808902740479e-01
4.290204644203186035e-01 1.906695961952209473e-01
4.285695850849151611e-01 1.908124238252639771e-01
4.375890195369720459e-01 1.780070662498474121e-01
4.287292957305908203e-01 1.909774243831634521e-01
4.291460216045379639e-01 1.895370334386825562e-01
4.299598634243011475e-01 1.872664093971252441e-01
4.292692840099334717e-01 1.900459229946136475e-01
4.294543862342834473e-01 1.905332952737808228e-01
4.259068369865417480e-01 1.880712062120437622e-01
4.275126457214355469e-01 1.868041455745697021e-01
4.258288443088531494e-01 1.895512640476226807e-01
4.271881282329559326e-01 1.879404336214065552e-01
4.212821424007415771e-01 1.897158771753311157e-01
4.279516339302062988e-01 1.855311095714569092e-01
4.282938838005065918e-01 1.888050287961959839e-01
4.288059175014495850e-01 1.910031437873840332e-01
4.286367595195770264e-01 1.888478696346282959e-01
4.276240766048431396e-01 1.875983774662017822e-01
4.300644397735595703e-01 1.885954141616821289e-01
4.282328188419342041e-01 1.885097920894622803e-01
4.410235881805419922e-01 2.019499242305755615e-01
4.315997958183288574e-01 1.878068149089813232e-01
4.283190667629241943e-01 1.903841048479080200e-01
4.315661787986755371e-01 1.868887245655059814e-01
4.284106492996215820e-01 1.899159401655197144e-01
4.308150112628936768e-01 1.864506006240844727e-01
4.269824624061584473e-01 1.883737742900848389e-01
4.287090003490447998e-01 1.883658170700073242e-01
4.254769384860992432e-01 1.885879188776016235e-01
4.298471212387084961e-01 1.865074336528778076e-01
4.295562207698822021e-01 1.875955164432525635e-01
4.311482012271881104e-01 1.895919144153594971e-01
4.300181865692138672e-01 1.901755928993225098e-01
4.286541342735290527e-01 1.854075938463211060e-01
4.279955923557281494e-01 1.875856220722198486e-01
4.298647046089172363e-01 1.902820765972137451e-01
4.302623569965362549e-01 1.880545765161514282e-01
4.262159764766693115e-01 1.896925866603851318e-01
4.266258776187896729e-01 1.876244395971298218e-01
4.302716255187988281e-01 1.884666532278060913e-01
4.292674362659454346e-01 1.851873248815536499e-01
4.300819635391235352e-01 1.884843856096267700e-01
4.291767179965972900e-01 1.876401901245117188e-01
4.285942316055297852e-01 1.909077614545822144e-01
4.271917045116424561e-01 1.886193156242370605e-01
4.273025095462799072e-01 1.875614523887634277e-01
4.411770403385162354e-01 1.944942921400070190e-01
4.270293116569519043e-01 1.891797631978988647e-01
4.254450500011444092e-01 1.894565075635910034e-01
4.289046227931976318e-01 1.917947083711624146e-01
4.287409186363220215e-01 1.871170848608016968e-01
4.260093271732330322e-01 1.884587109088897705e-01
4.286613166332244873e-01 1.848083436489105225e-01
4.309280216693878174e-01 1.860412657260894775e-01
4.272731244564056396e-01 1.885333508253097534e-01
4.290612339973449707e-01 1.882449537515640259e-01
4.256851077079772949e-01 1.895590275526046753e-01
4.300596117973327637e-01 1.886707991361618042e-01
4.308034181594848633e-01 1.895911097526550293e-01
4.261881411075592041e-01 1.891589462757110596e-01
4.280333817005157471e-01 1.896952092647552490e-01
4.253263175487518311e-01 1.874427795410156250e-01
4.272665381431579590e-01 1.910723894834518433e-01
4.275738298892974854e-01 1.892115622758865356e-01
4.286917746067047119e-01 1.853460967540740967e-01
4.293965101242065430e-01 1.853578984737396240e-01
4.316633343696594238e-01 1.882299929857254028e-01
4.285558760166168213e-01 1.886596679687500000e-01
4.314674139022827148e-01 1.878867298364639282e-01
4.291072487831115723e-01 1.885933429002761841e-01
4.294290244579315186e-01 1.876160502433776855e-01
4.332457184791564941e-01 1.914846301078796387e-01
4.238987863063812256e-01 2.044295817613601685e-01
4.278087317943572998e-01 1.889827102422714233e-01
4.272484481334686279e-01 1.895238012075424194e-01
4.322329461574554443e-01 1.858362853527069092e-01
4.288944900035858154e-01 1.852359324693679810e-01
4.297083914279937744e-01 1.906446218490600586e-01
4.276472032070159912e-01 1.863969117403030396e-01
4.303730130195617676e-01 1.899644881486892700e-01
4.272520840167999268e-01 1.890880912542343140e-01
4.279803037643432617e-01 1.889098733663558960e-01
4.300885200500488281e-01 1.870839297771453857e-01
4.268895685672760010e-01 1.873369663953781128e-01
4.290703535079956055e-01 1.892126202583312988e-01
4.306862056255340576e-01 1.908722370862960815e-01
4.297426044940948486e-01 1.904230117797851562e-01
4.285425841808319092e-01 1.877172589302062988e-01
4.297632873058319092e-01 1.866918206214904785e-01
4.308018684387207031e-01 1.900122612714767456e-01
4.161748886108398438e-01 1.839646399021148682e-01
4.278768897056579590e-01 1.888622492551803589e-01
4.304036498069763184e-01 1.863367557525634766e-01
4.316786527633666992e-01 1.883808076381683350e-01
4.261792004108428955e-01 1.871401369571685791e-01
4.258638918399810791e-01 1.889536082744598389e-01
4.291608929634094238e-01 1.891944855451583862e-01
4.264931976795196533e-01 1.887546330690383911e-01
4.275427758693695068e-01 1.900753378868103027e-01
4.265432059764862061e-01 1.876708418130874634e-01
4.286446273326873779e-01 1.891565471887588501e-01
4.274949729442596436e-01 1.905040889978408813e-01
4.301061034202575684e-01 1.879750490188598633e-01
4.293143153190612793e-01 1.893906742334365845e-01
4.287594854831695557e-01 1.883822530508041382e-01
4.255206286907196045e-01 1.875205636024475098e-01
4.268279671669006348e-01 1.870843768119812012e-01
4.277675151824951172e-01 1.886369585990905762e-01
4.292541742324829102e-01 1.885219067335128784e-01
4.280659854412078857e-01 1.913694590330123901e-01
4.272535741329193115e-01 1.900274306535720825e-01
4.293262362480163574e-01 1.875276416540145874e-01
4.302953779697418213e-01 1.880860328674316406e-01
4.302310943603515625e-01 1.908074021339416504e-01
4.277847707271575928e-01 1.904156208038330078e-01
4.308769702911376953e-01 1.886758804321289062e-01
4.287300407886505127e-01 1.861523240804672241e-01
4.278301298618316650e-01 1.881562173366546631e-01
4.370303153991699219e-01 1.753900945186614990e-01
4.290619194507598877e-01 1.898550838232040405e-01
4.262364804744720459e-01 1.886459887027740479e-01
4.302345812320709229e-01 1.915483325719833374e-01
4.262317717075347900e-01 1.876029968261718750e-01
4.262488484382629395e-01 1.869432032108306885e-01
4.289364814758300781e-01 1.883591413497924805e-01
4.301028847694396973e-01 1.858965605497360229e-01
4.306915104389190674e-01 1.860867291688919067e-01
4.280158281326293945e-01 1.879108101129531860e-01
4.286103546619415283e-01 1.871194243431091309e-01
4.299009442329406738e-01 1.884185671806335449e-01
4.307286739349365234e-01 1.893676072359085083e-01
4.281953275203704834e-01 1.871358156204223633e-01
4.307228624820709229e-01 1.875000149011611938e-01
4.294693768024444580e-01 1.857956796884536743e-01
4.303385019302368164e-01 1.890122443437576294e-01
4.298514127731323242e-01 1.907344460487365723e-01
4.264348149299621582e-01 1.878036707639694214e-01
4.330246150493621826e-01 1.930563300848007202e-01
4.285827875137329102e-01 1.879067271947860718e-01
4.306861460208892822e-01 1.891928017139434814e-01
4.285836219787597656e-01 1.892305612564086914e-01
4.284503757953643799e-01 1.869267821311950684e-01
4.313471317291259766e-01 1.880777627229690552e-01
4.281129539012908936e-01 1.878300607204437256e-01
4.295688271522521973e-01 1.888915896415710449e-01
4.292658269405364990e-01 1.882398724555969238e-01
4.257924258708953857e-01 1.879116594791412354e-01
4.263077676296234131e-01 1.881953626871109009e-01
4.293769299983978271e-01 1.872160285711288452e-01
4.292047917842864990e-01 1.905115991830825806e-01
4.290428459644317627e-01 1.854026764631271362e-01
4.294525086879730225e-01 1.895834356546401978e-01
4.277633726596832275e-01 1.844814419746398926e-01
4.277129769325256348e-01 1.861968934535980225e-01
4.279330074787139893e-01 1.888770759105682373e-01
4.267400801181793213e-01 1.900084614753723145e-01
4.277073144912719727e-01 1.887681633234024048e-01
4.270809888839721680e-01 1.863150894641876221e-01
4.260396063327789307e-01 1.879130154848098755e-01
4.308215975761413574e-01 1.886298060417175293e-01
4.281823933124542236e-01 1.872703731060028076e-01
4.282415211200714111e-01 1.879979372024536133e-01
4.308992624282836914e-01 1.867662668228149414e-01
4.291779994964599609e-01 1.882253885269165039e-01
4.281464517116546631e-01 1.905425935983657837e-01
4.301466047763824463e-01 1.860522031784057617e-01
4.293439686298370361e-01 1.869149655103683472e-01
4.303736388683319092e-01 1.882540434598922729e-01
4.267393350601196289e-01 1.878399699926376343e-01
4.259777963161468506e-01 1.871365904808044434e-01
4.274312853813171387e-01 1.861547827720642090e-01
4.290212392807006836e-01 1.855283677577972412e-01
4.282864034175872803e-01 1.872596293687820435e-01
4.301808476448059082e-01 1.876635998487472534e-01
4.291041791439056396e-01 1.898144334554672241e-01
4.310882985591888428e-01 1.878167092800140381e-01
4.287233352661132812e-01 1.893373280763626099e-01
4.292201101779937744e-01 1.894877403974533081e-01
4.265547692775726318e-01 1.877387464046478271e-01
4.310091435909271240e-01 1.874296069145202637e-01
4.297114610671997070e-01 1.898637413978576660e-01
4.287892878055572510e-01 1.908105164766311646e-01
4.277477562427520752e-01 1.872805356979370117e-01
4.272244572639465332e-01 1.872103214263916016e-01
4.281490147113800049e-01 1.893450319766998291e-01
4.294582605361938477e-01 1.908959597349166870e-01
4.292486011981964111e-01 1.883514374494552612e-01
4.276125133037567139e-01 1.870463043451309204e-01
4.319869577884674072e-01 1.886695921421051025e-01
4.310358166694641113e-01 1.898018121719360352e-01
4.282348752021789551e-01 1.899427026510238647e-01
4.292381405830383301e-01 1.890020370483398438e-01
4.271048009395599365e-01 1.881644874811172485e-01
4.294090867042541504e-01 1.893758028745651245e-01
4.288671910762786865e-01 1.910042464733123779e-01
4.280547499656677246e-01 1.884711831808090210e-01
4.260956346988677979e-01 1.876844316720962524e-01
4.296778142452239990e-01 1.893924921751022339e-01
4.293860197067260742e-01 1.878743469715118408e-01
4.284548163414001465e-01 1.881568729877471924e-01
4.278756380081176758e-01 1.883889585733413696e-01
4.302517473697662354e-01 1.890648305416107178e-01
4.287149012088775635e-01 1.874577850103378296e-01
4.267123937606811523e-01 1.862706542015075684e-01
4.275349080562591553e-01 1.858771741390228271e-01
4.282372593879699707e-01 1.878842115402221680e-01
4.305295944213867188e-01 1.824756115674972534e-01
4.318377077579498291e-01 1.896787136793136597e-01
4.271080195903778076e-01 1.873195469379425049e-01
4.291428029537200928e-01 1.882431656122207642e-01
4.304729402065277100e-01 1.864294260740280151e-01
4.280673563480377197e-01 1.892577409744262695e-01
4.278139472007751465e-01 1.837158501148223877e-01
4.292377531528472900e-01 1.886206418275833130e-01
4.283158779144287109e-01 1.881446391344070435e-01
4.280593097209930420e-01 1.856732368469238281e-01
4.288050234317779541e-01 1.914176046848297119e-01
4.261810481548309326e-01 1.872397065162658691e-01
4.275359213352203369e-01 1.868732124567031860e-01
4.263913035392761230e-01 1.878067255020141602e-01
4.285347759723663330e-01 1.883083730936050415e-01
4.297825098037719727e-01 1.885088235139846802e-01
4.298986196517944336e-01 1.866005808115005493e-01
4.284987449645996094e-01 1.876510679721832275e-01
4.282291531562805176e-01 1.891068518161773682e-01
4.277494847774505615e-01 1.884817928075790405e-01
4.302718043327331543e-01 1.881980001926422119e-01
4.288139641284942627e-01 1.883886158466339111e-01
4.284257292747497559e-01 1.890715956687927246e-01
4.293151497840881348e-01 1.907057017087936401e-01
4.266614615917205811e-01 1.951147615909576416e-01
4.293655157089233398e-01 1.876197308301925659e-01
4.283334016799926758e-01 1.887009143829345703e-01
4.291242063045501709e-01 1.874176263809204102e-01
4.280603826045989990e-01 1.876001507043838501e-01
4.294952154159545898e-01 1.874673217535018921e-01
4.307863116264343262e-01 1.905989050865173340e-01
9.027352333068847656e-01 2.699773311614990234e-01
9.026171565055847168e-01 2.700728774070739746e-01
9.018347263336181641e-01 2.687900066375732422e-01
9.019969105720520020e-01 2.684781253337860107e-01
9.042515158653259277e-01 2.695191204547882080e-01
9.016911387443542480e-01 2.690859138965606689e-01
9.000340700149536133e-01 2.658444941043853760e-01
9.011744856834411621e-01 2.696375548839569092e-01
9.004626274108886719e-01 2.697105705738067627e-01
9.019938707351684570e-01 2.670075595378875732e-01
9.011025428771972656e-01 2.702391147613525391e-01
9.086148142814636230e-01 2.527293562889099121e-01
9.026008844375610352e-01 2.680881619453430176e-01
9.024828672409057617e-01 2.688749730587005615e-01
8.997544646263122559e-01 2.565788924694061279e-01
9.016166329383850098e-01 2.680082619190216064e-01
9.030758738517761230e-01 2.684132158756256104e-01
9.029222130775451660e-01 2.697171866893768311e-01
9.004697203636169434e-01 2.694274783134460449e-01
9.025759100914001465e-01 2.685540318489074707e-01
8.957241177558898926e-01 2.671506404876708984e-01
9.020618200302124023e-01 2.698551118373870850e-01
9.022436738014221191e-01 2.686408162117004395e-01
9.095729589462280273e-01 2.641387879848480225e-01
9.018973708152770996e-01 2.692047357559204102e-01
9.020906090736389160e-01 2.685548663139343262e-01
9.026330709457397461e-01 2.691481709480285645e-01
9.021459817886352539e-01 2.679134011268615723e-01
9.028557538986206055e-01 2.683234810829162598e-01
9.103781580924987793e-01 2.675341665744781494e-01
9.015160202980041504e-01 2.691799104213714600e-01
9.022209644317626953e-01 2.682751417160034180e-01
9.027666449546813965e-01 2.685156762599945068e-01
8.904965519905090332e-01 2.805341780185699463e-01
9.017307162284851074e-01 2.670793533325195312e-01
9.010900855064392090e-01 2.676532864570617676e-01
9.013760089874267578e-01 2.683087289333343506e-01
9.022722840309143066e-01 2.683595120906829834e-01
9.006128311157226562e-01 2.687870860099792480e-01
8.974143862724304199e-01 2.694559097290039062e-01
9.016649723052978516e-01 2.670932114124298096e-01
9.005383849143981934e-01 2.678522467613220215e-01
9.006233215332031250e-01 2.700752615928649902e-01
9.042142033576965332e-01 2.733181118965148926e-01
9.008973836898803711e-01 2.682805061340332031e-01
9.095706939697265625e-01 2.638266384601593018e-01
9.020024538040161133e-01 2.679768800735473633e-01
9.012931585311889648e-01 2.684785425662994385e-01
9.018319249153137207e-01 2.701891660690307617e-01
9.006575345993041992e-01 2.683903276920318604e-01
9.021022915840148926e-01 2.685469686985015869e-01
9.014179110527038574e-01 2.670949697494506836e-01
8.943436741828918457e-01 2.567262351512908936e-01
9.016309976577758789e-01 2.682273685932159424e-01
9.023995399475097656e-01 2.702198326587677002e-01
9.039583206176757812e-01 2.701105177402496338e-01
9.044231772422790527e-01 2.692462503910064697e-01
8.924165368080139160e-01 2.746089398860931396e-01
9.030938148498535156e-01 2.688134014606475830e-01
9.005226492881774902e-01 2.686553001403808594e-01
9.015161991119384766e-01 2.678942680358886719e-01
9.025766253471374512e-01 2.672014236450195312e-01
8.969061374664306641e-01 2.564419507980346680e-01
8.945764303207397461e-01 2.856796383857727051e-01
9.020394086837768555e-01 2.693089842796325684e-01
9.021737575531005859e-01 2.676452994346618652e-01
9.006630182266235352e-01 2.676922082901000977e-01
9.103090763092041016e-01 2.955105900764465332e-01
9.028113484382629395e-01 2.692621350288391113e-01
9.031847715377807617e-01 2.689041197299957275e-01
9.027568101882934570e-01 2.699561417102813721e-01
9.018695950508117676e-01 2.699994742870330811e-01
9.009552001953125000e-01 2.683676183223724365e-01
8.981038928031921387e-01 2.687598764896392822e-01
9.025364518165588379e-01 2.674941420555114746e-01
9.023671150207519531e-01 2.688591778278350830e-01
9.008638262748718262e-01 2.702927291393280029e-01
9.003596901893615723e-01 2.689020335674285889e-01
9.018582701683044434e-01 2.535822093486785889e-01
8.970801830291748047e-01 2.700710892677307129e-01
9.010697603225708008e-01 2.695684432983398438e-01
9.059168696403503418e-01 2.719236612319946289e-01
9.007298946380615234e-01 2.689169645309448242e-01
9.025295376777648926e-01 2.698991000652313232e-01
9.028231501579284668e-01 2.698126435279846191e-01
9.007089138031005859e-01 2.675796151161193848e-01
9.028627276420593262e-01 2.690324485301971436e-01
9.140099883079528809e-01 2.684415578842163086e-01
9.033778905868530273e-01 2.691024839878082275e-01
9.004921317100524902e-01 2.692967057228088379e-01
9.004997014999389648e-01 2.694513499736785889e-01
9.017195105552673340e-01 2.679310739040374756e-01
9.022557735443115234e-01 2.694598436355590820e-01
9.015259146690368652e-01 2.690480351448059082e-01
9.003186225891113281e-01 2.691580355167388916e-01
9.018075466156005859e-01 2.694872319698333740e-01
9.023572802543640137e-01 2.750754356384277344e-01
9.022444486618041992e-01 2.637789845466613770e-01
9.114904999732971191e-01 2.651228010654449463e-01
9.049661755561828613e-01 2.666155099868774414e-01
9.007735252380371094e-01 2.691209912300109863e-01
9.013212323188781738e-01 2.690769433975219727e-01
9.030425548553466797e-01 2.682375609874725342e-01
8.692313432693481445e-01 7.447124123573303223e-01
8.683099746704101562e-01 7.458295226097106934e-01
8.705716729164123535e-01 7.461086511611938477e-01
8.699414730072021484e-01 7.452861666679382324e-01
8.652171492576599121e-01 7.479296326637268066e-01
8.686094880104064941e-01 7.437340021133422852e-01
8.686015605926513672e-01 7.464562654495239258e-01
8.706192374229431152e-01 7.454774975776672363e-01
8.707852363586425781e-01 7.461271286010742188e-01
8.692708611488342285e-01 7.370559573173522949e-01
8.687520027160644531e-01 7.449875473976135254e-01
8.690707683563232422e-01 7.452360391616821289e-01
8.711465001106262207e-01 7.460541725158691406e-01
8.674401640892028809e-01 7.469854950904846191e-01
8.713685870170593262e-01 7.453380227088928223e-01
8.703901171684265137e-01 7.462589144706726074e-01
8.631025552749633789e-01 7.454000115394592285e-01
8.692275881767272949e-01 7.443659305572509766e-01
8.671022057533264160e-01 7.460777163505554199e-01
8.686630129814147949e-01 7.463421821594238281e-01
8.696268200874328613e-01 7.441053390502929688e-01
8.697575330734252930e-01 7.450435757637023926e-01
8.586504459381103516e-01 7.485353946685791016e-01
8.699817061424255371e-01 7.450603842735290527e-01
8.663612604141235352e-01 7.585080862045288086e-01
8.676309585571289062e-01 7.393423914909362793e-01
8.782446384429931641e-01 7.365605235099792480e-01
8.677940368652343750e-01 7.453971505165100098e-01
8.689458370208740234e-01 7.470161914825439453e-01
8.748208284378051758e-01 7.459836006164550781e-01
8.716782331466674805e-01 7.445473074913024902e-01
8.705223798751831055e-01 7.431513071060180664e-01
8.683168292045593262e-01 7.447255849838256836e-01
8.702601790428161621e-01 7.465150952339172363e-01
8.704115152359008789e-01 7.441285848617553711e-01
8.679140806198120117e-01 7.452849149703979492e-01
8.679345846176147461e-01 7.412397265434265137e-01
8.696500062942504883e-01 7.368862032890319824e-01
8.675329089164733887e-01 7.393289208412170410e-01
8.703136444091796875e-01 7.458086013793945312e-01
8.595265746116638184e-01 7.394909262657165527e-01
8.731560707092285156e-01 7.462561726570129395e-01
8.697125315666198730e-01 7.446520924568176270e-01
8.706092238426208496e-01 7.462967038154602051e-01
8.698654174804687500e-01 7.451863884925842285e-01
8.696422576904296875e-01 7.465608119964599609e-01
8.710697889328002930e-01 7.467429041862487793e-01
8.704090118408203125e-01 7.471916079521179199e-01
8.744081854820251465e-01 7.425252199172973633e-01
8.685025572776794434e-01 7.461625933647155762e-01
8.703961372375488281e-01 7.442033290863037109e-01
8.700281381607055664e-01 7.457047700881958008e-01
8.716268539428710938e-01 7.458615303039550781e-01
8.689604997634887695e-01 7.442578673362731934e-01
8.715920448303222656e-01 7.449246048927307129e-01
8.689885139465332031e-01 7.453464269638061523e-01
8.690106272697448730e-01 7.450022697448730469e-01
8.782843351364135742e-01 7.411049008369445801e-01
8.739414811134338379e-01 7.441920042037963867e-01
8.682773113250732422e-01 7.451991438865661621e-01
8.716186285018920898e-01 7.455351352691650391e-01
8.737974166870117188e-01 7.457976937294006348e-01
8.706707358360290527e-01 7.451528310775756836e-01
8.699125051498413086e-01 7.438976168632507324e-01
8.717460036277770996e-01 7.491032481193542480e-01
8.722227215766906738e-01 7.449843287467956543e-01
8.710541725158691406e-01 7.461338639259338379e-01
8.708262443542480469e-01 7.472535371780395508e-01
8.697091341018676758e-01 7.466632127761840820e-01
8.691593408584594727e-01 7.462851405143737793e-01
8.707846999168395996e-01 7.465464472770690918e-01
8.698382973670959473e-01 7.438573837280273438e-01
8.699886202812194824e-01 7.439169883728027344e-01
8.707320094108581543e-01 7.452176809310913086e-01
8.710676431655883789e-01 7.457074522972106934e-01
8.696594238281250000e-01 7.466319799423217773e-01
8.633241653442382812e-01 7.558133602142333984e-01
8.705128431320190430e-01 7.439702749252319336e-01
8.682530522346496582e-01 7.450355887413024902e-01
8.703632950782775879e-01 7.454979419708251953e-01
8.701124787330627441e-01 7.448872327804565430e-01
8.716625571250915527e-01 7.491529583930969238e-01
8.733810782432556152e-01 7.543019056320190430e-01
8.695058226585388184e-01 7.456455230712890625e-01
8.689098358154296875e-01 7.446842789649963379e-01
8.695106506347656250e-01 7.470029592514038086e-01
8.691521883010864258e-01 7.462673187255859375e-01
8.708662986755371094e-01 7.399700284004211426e-01
8.672500848770141602e-01 7.457354068756103516e-01
8.778771162033081055e-01 7.500241398811340332e-01
8.632061481475830078e-01 7.503082752227783203e-01
8.703956604003906250e-01 7.447767257690429688e-01
8.688082695007324219e-01 7.461874485015869141e-01
8.765769600868225098e-01 7.444984316825866699e-01
8.670987486839294434e-01 7.441297769546508789e-01
8.676233887672424316e-01 7.402802705764770508e-01
8.682733774185180664e-01 7.457807660102844238e-01
8.697381615638732910e-01 7.451628446578979492e-01
8.698065876960754395e-01 7.455957531929016113e-01
8.541890978813171387e-01 7.498219013214111328e-01
8.688882589340209961e-01 7.441470623016357422e-01
8.692548871040344238e-01 7.469246983528137207e-01
8.716498613357543945e-01 7.456822991371154785e-01
8.701115250587463379e-01 7.475395202636718750e-01
8.705590963363647461e-01 7.454308867454528809e-01
8.710839748382568359e-01 7.462071180343627930e-01
8.703891038894653320e-01 7.461440563201904297e-01
8.689709901809692383e-01 7.449253797531127930e-01
8.686985969543457031e-01 7.467827200889587402e-01
8.709577918052673340e-01 7.463096976280212402e-01
8.710205554962158203e-01 7.426686286926269531e-01
8.692893981933593750e-01 7.460393905639648438e-01
8.718445897102355957e-01 7.450212836265563965e-01
8.697139620780944824e-01 7.452003359794616699e-01
8.686646223068237305e-01 7.454573512077331543e-01
8.700329661369323730e-01 7.464935779571533203e-01
8.675530552864074707e-01 7.498224973678588867e-01
8.703911900520324707e-01 7.458353042602539062e-01
8.767085671424865723e-01 7.399829626083374023e-01
8.698361515998840332e-01 7.450381517410278320e-01
8.708170652389526367e-01 7.443407177925109863e-01
8.694470524787902832e-01 7.470516562461853027e-01
8.697129487991333008e-01 7.517864108085632324e-01
8.693625926971435547e-01 7.455595731735229492e-01
8.681626319885253906e-01 7.444400787353515625e-01
8.713235855102539062e-01 7.450698018074035645e-01
8.692288994789123535e-01 7.469763159751892090e-01
8.692318797111511230e-01 7.443665862083435059e-01
8.694614171981811523e-01 7.449202537536621094e-01
5.547391176223754883e-01 7.760224342346191406e-01
5.568568706512451172e-01 7.725892663002014160e-01
5.553865432739257812e-01 7.698037028312683105e-01
5.561283826828002930e-01 7.705162167549133301e-01
5.554672479629516602e-01 7.707943320274353027e-01
5.549290180206298828e-01 7.694424986839294434e-01
5.476429462432861328e-01 7.609460353851318359e-01
5.643876791000366211e-01 7.667576074600219727e-01
5.583075284957885742e-01 7.713971138000488281e-01
5.598225593566894531e-01 7.704241275787353516e-01
5.568678975105285645e-01 7.735217213630676270e-01
5.541420578956604004e-01 7.788892984390258789e-01
5.575121641159057617e-01 7.860794067382812500e-01
5.458291172981262207e-01 7.731015086174011230e-01
5.556151270866394043e-01 7.724366188049316406e-01
5.594841241836547852e-01 7.648137807846069336e-01
5.563729405403137207e-01 7.727671265602111816e-01
5.548781156539916992e-01 7.716886997222900391e-01
5.580179691314697266e-01 7.714117169380187988e-01
5.608276128768920898e-01 7.741327285766601562e-01
5.558403730392456055e-01 7.723803520202636719e-01
5.473853945732116699e-01 7.680420279502868652e-01
5.578156709671020508e-01 7.716473937034606934e-01
5.554292201995849609e-01 7.703183293342590332e-01
5.643870830535888672e-01 7.775674462318420410e-01
5.576530694961547852e-01 7.779910564422607422e-01
5.586207509040832520e-01 7.682192921638488770e-01
5.567277669906616211e-01 7.659752964973449707e-01
5.522976517677307129e-01 7.755295038223266602e-01
5.566360354423522949e-01 7.719287872314453125e-01
5.555089712142944336e-01 7.727308869361877441e-01
5.571053028106689453e-01 7.704841494560241699e-01
5.637764334678649902e-01 7.697365283966064453e-01
5.467141866683959961e-01 7.741614580154418945e-01
5.532076954841613770e-01 7.693265080451965332e-01
5.546857118606567383e-01 7.708702683448791504e-01
5.553619861602783203e-01 7.737535238265991211e-01
5.539606213569641113e-01 7.713881731033325195e-01
5.530636906623840332e-01 7.725402116775512695e-01
5.587480664253234863e-01 7.644017338752746582e-01
5.597299933433532715e-01 7.728186249732971191e-01
5.578444004058837891e-01 7.736930847167968750e-01
5.574812293052673340e-01 7.720015645027160645e-01
5.584738254547119141e-01 7.710493206977844238e-01
5.535506010055541992e-01 7.640343904495239258e-01
1.325084418058395386e-01 1.375565826892852783e-01
1.322084665298461914e-01 1.382499337196350098e-01
1.292868107557296753e-01 1.368641108274459839e-01
1.290469467639923096e-01 1.377699226140975952e-01
1.223794072866439819e-01 1.335004270076751709e-01
1.316299736499786377e-01 1.381207406520843506e-01
1.283559650182723999e-01 1.357041448354721069e-01
1.292308270931243896e-01 1.376409679651260376e-01
1.326079964637756348e-01 1.359184533357620239e-01
1.237492486834526062e-01 1.491743624210357666e-01
1.295589953660964966e-01 1.362370401620864868e-01
1.313747912645339966e-01 1.364238560199737549e-01
1.238067746162414551e-01 1.438982486724853516e-01
1.315942406654357910e-01 1.439488977193832397e-01
1.290467679500579834e-01 1.406484246253967285e-01
1.304672956466674805e-01 1.383956670761108398e-01
1.273076683282852173e-01 1.365657150745391846e-01
1.312021315097808838e-01 1.367807984352111816e-01
1.409891843795776367e-01 1.202912032604217529e-01
1.246057748794555664e-01 1.346047669649124146e-01
1.318941116333007812e-01 1.517934054136276245e-01
1.368721574544906616e-01 1.387610882520675659e-01
1.312460303306579590e-01 1.351854205131530762e-01
1.287690997123718262e-01 1.390312463045120239e-01
1.312308907508850098e-01 1.376548409461975098e-01
1.286554932594299316e-01 1.396016329526901245e-01
1.259765475988388062e-01 1.428478062152862549e-01
1.394817084074020386e-01 1.325710266828536987e-01
1.347673088312149048e-01 1.388220041990280151e-01
1.431111991405487061e-01 1.435282081365585327e-01
1.305665969848632812e-01 1.402050703763961792e-01
1.306451559066772461e-01 1.395234614610671997e-01
1.309041231870651245e-01 1.371633112430572510e-01
1.343972086906433105e-01 1.362588554620742798e-01
